INDEX NOMINUM.

3011111111Π148114211ι15611 (3101111011 1142911) 310111 116131 1311111111 Π6101
3011111111 m. 12131 3111016411 31111111 111 1261 31111101 1161011
’111111 11 1111 111111 p. 1611 11111111 11111· 11111 11111 zarda 11 111
3011111111 131311. 115211 3111111 113141 (61111881 Zure 11111111 63411 63611
49611 30110110 116411 16411 (31110 Π63411) 631164111612111111) 6161
3011011111 1111111 3030110 111181 31100 131611 Zurgils 1111111
31110111411. 1131311 311511 30110110 [11126911 3101111010111141311 , 301331116341
33311 41111 46611 4191 3011121111 311011 1163111 3118011161111
5691 3011 11 63411 31111111 m. 1 21111 31111 11 5111 6381 6121 6151
30110 ιιι. 125611 30111 1321* 3111111111 11 11111 3111111111 111111
301101 1181 3011111 1111311 311111 1119611 31111301 1321 n
3010011111221112211 13111 3011019610. 111911141511 301115011130611 31330111165611 611611
111111111111. 1111111 (1111111111 zantebold 11 1111 1111111111 1111
30110011 131 30011 116131 3011110111 1123811 311110 II 6151
3011110111 12441 24111 30111101111311111 31111111 Π41511 3111111101 1161611
30111111 11 991 301 11 5111 111111 3111111111· rex 111 101 301111 H 3621
30111111 1152110 3011 1163411 63811 311011 1165611 3111111101 11 6341
301110114491148211611) 3010 116161 6131 6131111111) 3110111 Π8111 6161 (3111111111 116341)
30111011 11 23411 30101163411 311010 11 6311 3111111111 1115111
301111 1143111 301111116121 311010 1163411 31110 1 16811 29611 29611.
3011110 1111111 301011111161510 31010 Π26511 112611 5311 11111 2841
301οΠ8211 3011111120 31811. 112811 30010116136134011116111 38511 44211 41111 49411
301111 110911. 11112111 13110 29611 39511 42211 4221 41010 41511 32111 5011 5130* 59111
301111111οὓ1 1111311 301111 m. 125911 Zuppo m. 123810 31110 p. 111111
3011111111 18211 3010111 ΙΙ 31911 Zur Π 6151 311110 1116811 21511 39911·
Zeta 114911 30111011 Π6131 311111 11 63411 63811 63811 53211 113811
301101 116311 30110 113411 611111 3100111160Ιά 111810

11

INDEX RERUM.

1111111011 v. monasteria. 1 matfrid 111111 Ι 1001111111 Ι t
mmm lgm„ Μὴ, ζ 3111111010 Π 281111 a) circumflexi m 1111111110 1111111
11111111 1111111 1111 1 M1¹0 1152111 Reme 1141111
11111102 11335„ 1 01111110011138511 ⁰ Heriw101141540

1111111111 2 Petrus 111111 1111159135θῦ 11111111
Amhelmusflffi„ 1 Reginhardusnaeznsffllu 1111114611 1111111110
1110113310 , 1111111101οι 1111151111 magum
Kerwardus 11381110 Ῑ Mffldffl ῙῙ 515331 ΑῬΟ 113⁸⁷³⁰ 011111 Π 3611
clemens 113353* 1 Salomon 111111 Kmlmssr ῙῙ 5⁰3ss 'Potina Π 2311
Dheotun H 52111 , walfrid Π 30610 01101131 fl 3¹5¹³ werin II 1131111
nouom„ 11 95„ ² Waltemt 1129211 1111111 37111 Ι Wiger 1116314
Engilpretmmn ’ Wichard¹¹⁸11385³² mlbmcnfioen 1 1
111111110101 Witissaw0114822⁶ Mfflbuw 11²⁷3⁴¹ ξ 1111111111
1111111111 11101111111111111111 0⁸²1¹⁶⁷2¹ (1111111111

0111111111 ,mmm mom 111111 P²b⁰¹1⁶⁵⁰¹fflfl ³ oto H289n
Gregorius 1161911 2 Adalberga1527³ 111111 11⁵³⁰¹² 1111011101
0111111111 111011 11111111111111 11110 ¹1⁵⁰⁹²¹ 1111111111111
31111111 1138511 , eontentio Π5211 6 80161111149611
110111101101 ΙΙ 52110 : Liuzza 1111111 611011181136311 36111 1 a
Hieronymus 111111 ἵ 11111111 111111 11111111 111 1 1111111 111111

111111 00111111. S. 61111 Aua. 1111. . 68

 

