INDEX 1101111166. 521

60111111 1150110 Ι1101110111 610511
1101111110111 113011 43811
11011115011111 1113111
1101611,νο11 1112111

6011111101 61491

6011113111 113111

Vodillind 111111.

11011110 1601111011111121156811
11011111 1163410

1101111101 139011

60110 1123511

1101100000 1152011
11011011011100 112211
6011011110 115491

1101101111, 116311

6011011111 1134311
6011011101 111 9110
110110111011 0. 1131)

19411 13611 26911 31411

1101101 (6011111) 1211611. 11 30611 3131148111111011
19211 49611 61011110 112111

61111011 1161611

60111001 116111

110101011 111211

18910 1961 19011 19010
19011 19011 1911 19210
19411 1911131911. 114311
5111 6011 6111 1810 8211
8311 8411 8911 921 921
9211 931 9311941 940 9410
60100101 113191 1110001011031161611 9511 11110 2110301111 3041
(6010100112111) ’ 6100111100)11115061119311 30411 39411 3051 30511
Ι60111111011161116110 6100011451 30611 30110 3641 31810
Ι1101011111155411 11100010 125411. 11115811 40411 42110 14110 44111
61000100 (1110001111) 1 18111 5001. 1111411 4511 5911
26811. 1140411. 1111510 6411125ιο 1211 1211013111
9611 9610121111481114811 14111 14311 14310
6110010011. 111511 61000 archip. 111111
6101111014510 61000 01. 12691 26911 21011
6101110100 111135 10 21211 21211 2131 2151
111001111Π113011 21611 21611 21111 21811
61001100 116310 3181142111 ’219ιο 2800 28111 28110
61000 011111. 11 2991141150
45510 46311. 1Π591120
Ursus p. 0111112910
Ursus subd. ll 45611
111000 subd. p. 11115911

6101100 ab. 11 911
61001011 121611
111010οο1 1123811

6010010 1140211

ἱ 1100010011 111481
600110 1150911
1101001001 1112111
1101000100 1111411
60000 1125011

2 1100111111 1122010

) 1100111111 1156811

ι 1101111101 p. 1156811

1 60010111 1150411

51111. 11114111
61001100 111. 11. III 15910
6000101 1 16510 6010110011. 11115911
1100111111 1131131211 6101110111 11 34311

1110 11910 10311 1930 6010111011, 60101 1141111. 60010111111361136111

1001. 1111110111 111010 1110 1110 1111 10011110 111· 12811³ [1111014111
(6010116030) ς 18211 23010 32211 3910 61000101111911 1110001116310
60101116161 ' 4121154611 6100100113131134411 lusicinus 115210
Volarat 135810 6010010113111011513511) 61010100 (1110101110) 1 10911 ¹ Usingus 1111911
601011110311 1111110010 1013511 29811. 638210. ΙΙΙ 16106011 1101000010121511
11011011115841 601111115611 1110191110111153115811 6000111148911
60103010 Π 19410 601110 (1101110) 130311 311110. 1111110101-11118101001129811 (60100101 ΙΙ 1911)
6010100101113111 11211 15411 2181133011 29911 60001911. 11 111211
6010111111 111411 Ι 10911 4111 52611 543101 (1111101911 118014) 1111111111 1139219
6010111111 1132811 1 60211 [Ursicinus (1110101000) 1641 610114151141511(1110)51811

10101110, 110, m) 01010111 100. 111111 1110
j 13611331*411081111100 5810 6111 62162163016410 111001011311
. 12411 15511 16211 16311 64118011 9112030 34011 6101110100 116130
Ξ 16311164116512241125211 4081 4291151100. 1114111 611011 1152011
’ 2911 3911. 1131111811 10011390 611101611101140112891
12510 16511 19310 19411 Ursicinus 11. 11110 111100 1165610
1110101010111100140 Ursicinus eps. 11111 111) 1611110) 1001111*

1101101110οε 111181

6130111011 135311

11030 (6030, 0361 5111
10111. 11281 6811 1311

6011111011 11 4361
60101011 111191
volcmar Π 62611
11010001 1161511
6010011 111290
1101011101 Π 61110
1101011101 01. 1 21411

11011010 11 48111
11011011 1124810
6011110011 1121010

2411 25910 2661 2891129111 Ursicinus p. 111 5811 181
i 4010 4621* 46511 56211 6101100000 112141 44611

66811. 1112018111 (11101001Π1531)
6011111111 112991 1101010 1138311 11101001 130011
60111101 1149811 . 6000 (6000, 10110) 11841 Ursingus Π 54210
110111111ςο 116611 J 1051129110 6101111ςο0 01. 14910
60111101 Π 4101 Vouuo 111 1511 610101οη1 1128311
6011101114111
60111011) Π 41111
(6011011 113951)
1101110οι 1149211
60110100 Π4591
Volgintl 1112611 Vpalht 111191
1101110 128911 Upe 1123011
1011001, 12201 110011 p. 111 1910 6100100 ΠΙ 1111
6010160101 111311133111 1111011 1163411 61001001111411
46411. 61811 610 (Vro) 112110 56911. 111 61000 1111000) 1182118211
6010 m. 111010 2410 184111851185111861018611
1101001Π11911 11011161011)11511131411 18600 18110 1881 18811
Volpret p. Π 610 31511 31810. 11 191 431 18811 18811 18901 18910

111110 00111011. 8. 61111 Aua. 1110.

1601011330. 660310 Ursinus 116911 1240 26211
1 6010111010)11211. 1153104961 36611

1111011100 1111351 6101000 110100
6011111000.(11ρο11100)111 1011 61010100 1 p. 135 1 1
1110101000 ΠΙ 3510
1110110011 ΠΙ 10810
6100011110 Π 20910

511 1350

3311 3411 4115611 1611951
991 16611 1111 24813061
3120 3281 35011 3621138110
38611 3901. 112211 2311
4811 4810 6411 6111 1411
1000 1921010110 13111311
14110 1410 15911 15311
18111 1881 19311 19811
20511 21411 23811 24510
25911 25910 26111 21310
28911 28911 30411 (111)
31910 3491 38611 3941 3940
3951139611 40411111640810
4111141110419101110142111
43110 4321 43311 4491
45110 45111* 41011 41011
48811 49911 4911 49510
49810 50310 59401 51911
5961 59810 63111 6161.
1114010 4411 561 9811541

66

 

