5319911199 14931

5319911199 p. Π 55111

5319119 Π 26011 28019

53191199 Π 36119

5391911199 111191

53991999 Π 26111

5399111 Π 6111

53991199 Π5611 581 39819

53991199 ab. 11 6211

53999 Π 5611 36811

539999 Ι 2019 2081

539999139 ΙΠ 999

53915911 I 451

11391999 Π 3391

53999 Π 34891

539 Π 1019 111 44619

5391111199 ab. 1119111

5395911199 eps. 1138491

1139591199 11 2081

5395199999 archieps. 11 3631

53911 Π 34319

5391199 Π 26511

53999111 I 1501

5391 111811. 1119111 53211
53619.

53919 1661

1131911191 Π 2819

1131911119 Π 2889

53199199 11 801

53191999 1125911 25911

5311119999 1156411

531 116311

53995199 1124019

53991999 ΠΙ 13211 1401 1411
1411

1139919999 1119511 1241128111
12891 13211

1139919999 91. ΙΠ 5819

5311919999 p. 111191

5399139939999 11151

11399119 H 23411

539951999 Ι 18819. II 12511

5399199 ΠΙ 1231 13319

55959111 Π 14019

559 II 65311

1151119111 II 46411

559 11 14311

11595911 Π 4161

Ahspret 128319

55191119 Π 46111

11519 Π 30911

1119911199 Η 5811

51959 Π 3391

11199 p. 1155219

51991199 Π 3911

5919199199 118911

5119199199 19. I 21819

51119 Π 29911

51491999 11 26311

51911999 1125911

919911 1191119911. 407

5131911199 p. Π 55211

5131911119 Π 42811

5131119999 11 34111

1113911111 Π 4199 2691

5115911 1126319

5115911199 19. I 1211

1111591119 Π 2509

11119199 112501

51191199 Π 3911 4011 4011

5119911399 Π 26319

5119939119 Π 6911

11119119 111101 5111 14811

1119119399 1155211

51919 11 26411. ΠΙ 12611 1331
(bis)

111919 19. III 1119

51919 p. ΙΠ 611

5191911019 91. 11111

519191999 1131011

5111191999 Π 29111

51959139 19. 11 611

5195911199 1124411

51119195 11 1649

1119 l 19819. Π 8011 12411

51991 1111111

5111911199 113919

5119191199 11 2909

5119111119 II 411 36311

51199199 p. 14619. Π 54911

1111591199 I 4111. Π 55019

5111991199 p. 11 55111

5111999 11 54111

5519199999 Π 21019

1119999999 Π 54219

5111991999 Π 2921

11111999 111911

5191911119 Π 4211

5119 Π 5581 6069

(1111911191 111111)

51111119 Π 56311

11119 Η 39219 (519)

519119 11 26111

51 II 2219

51995111 115311

5199199199 Π 25011

5191199999 II 22591

5111991911 I 1461. Π 4211

1119999 1124011

519 1191 Π 4219

1119111919 II 32611 38691 5321

51911199 Π 13411

5191199 ΙΙ 54211

519699 19. 14911.

51911111 Π 20611

5193911 133919. II 50311

51939911 1 12591

5195991 111111

51959999 115119

11195911 Π 11911

51951111 I 11611

51951115 125111 519991591911. 112219 2911
519539911Π2031. Π1441 62119 6211 6439
5195195913119. Π45611 5199915911. Π6261
5195111 13611 12819 ' 51999111 ΠΙ 1431
51951991 Π 1261 5199919 1119211
11195911 II 10311 12111 14611 519119 Π 22611
54119 55919 Alb! 12551
51959119112191 Alba: 1153311
5111591911 11101 12511 15211. Alba 11209 32811. 119111
Π41611 10219 10211 11419 15411
11191599 Π20611 23811 3111 33811 38891
519119 Π30111 3881941819
5191195 13121 51599991 19911
11199199 Π216112451131119 5159311911 11399. 1139819
52819 4031141611 53099
519199999 ΠΙ 951 Albani p. Π 3281
Alamanni Ip. 1361 51591911110111191. Π1311
11199191 Π 13611 1489 41911 1059 4081 5371 55111
41919 51591195 13611. 11 38811
11199911 Π 21911 3811 40011 59811 5131
519999 Π4141 , 5159115 12311 9211 981.
519911 ΙΙ 41611 Π 2419 4911 46619 49619
5111119111 119911 11811 53011
111911191999Π35411 5159959190199011’. 1152819
519191 Π22911 Albam 111919. 1195111
51911 p. 11 30419 5155919511 II 3851
11191195 13019 36111 3721 5159911 130119
31211. Η19911213112141 51519111469. Π601110011
39511. Π11021 11411255940811458114101
1119119599Π2011 48519 6651. Π1,43114411
11191191 11641 11151191 9991. Π 38119
Alaricus Ι 1711. 5200113391. 5151191 p. I 1161
ΙΠ919. (11641) 515999Π21219
Alaricus 19. 123919 1115111911 Π 16911
519115 14411 11111 33511. 1115911251 161111, Π1061
Π35111461146291 51599911 Π 53619
51911519125111. Π44411 51591191Π1219
1119115911001. Π33011 51593911 Π26619
1119199 115911 . 1115939115 Π2811
51919991901113319 5159311911 133411. Π 4211
51991911 1152919 65119111216112991146611
51991911Π1441 48111. 1Π4411
5111991111] 19134 13416 Albegunt Π 53619
5111111115 13320* 891⁸. Π14419 Albene 132812 86011
31911 (bis) 41991 42019 5159191 Ι 1181123111. Π 111
51999191. 128611 2511 22311 34911 43411
1111199195 13291 36311. Π251 43819 43811
921 15011 55611 1111115121 5159135 ΙΠ 811
5841 5931 60811 6561 6568 5159151124619,
5111991999 II 64911. 5159119 Π63419
51999199 95. ΠΙ 11011 51591115 11911 1211 26519
5111991999 19. Π45011 26511 36319 31119 39519.
11]99913Ι3511939311*. Π3819 II 3211 3599 669 6619111819
42411 20999 (51036019408141111
1119991399 ab. Ip. 1411 4919 50811 5391 59319 59811
519991513401. Π911 1211 59819 5991 6311. ΙΠ811
8119 8111 8119 81112239 8111181
2431 29911 51611’ 52111 5159111519. Π1511
56311 51591195 99511. 111111
51991115 m. 11 241 1159119599 11 6811

 

