111 uuus 1011111011.

(11111115 nesso (1100111110106511 :uus 38211 39811 39819 Gerbilt 11911 5615 (1311)

61111111 029911 6100111101 037811 44210 46111 47211 4981 7411 1421 17411. 010411

(1111111071136711. 06331 (1001115101 015311 53710 54111 31511 31591 32916 m

6111310304931 611100 043611 61150111 m. 11 4441 368113791139711 uuo

Geile II 2871 61001101 I 16311 6015011 11 16811 Gerhilt 1. 11 67111
(111111101101151 6100501020911 61150100102111511149011 Gerbo 029211

60110 013511 17311 1791 61000111115211 1731297111. 61151155 1114411 (4650611121. 0911 loun
42511 42911 43611 5601 111111 61151105 1111111 12811213121311448115211
61110 m. 122811 6105111101 126111 61151155 0 14111 21511 61150515. 01771
(1111010111, 0301 6106311101 1111111 41711 6115015 II 38711
(1111110416811 60001001101241 (1115111110111, 11 9911102111 6115011 112411 1691145711
61110010513011 6111011101 01. 17111 13411 15110 1521 16811 Gerhuui 017411
611100150134111 61010 111 5511 21911 47111 50811 56811 (1111511301 11511
6111001111 110011 13911 Georgia 1015711 5691101111 6111511301 m. 123711
6110510411 ma. 0711 Georgius 11601 1811112831. 61151155113110761211 ((111151301941)

61131150 030611 118910 21511 3021 3061) 6115110 0001166163911 61115115 101411

61131150 029911 4211 42311 48511 48711 Gerbrig 0356113821 6111511310941
Geipruudo 11 30611 sous Gerbrun 1 32211 Gerich 11 345³
(1110110503061 Georgius scol. 14711 6015011051 61115155 Π 61511
61115111064811 Georgius 11. 11 45511 61150105 114311 611150 1116811

611111 Π 11410 Georgius m. 127411 6115013132211. 1111111110 Gerildo 111 561 501
611110141198111021126611 Georgius p. 01991 1921133810 6111-11101511012311
(1111111151 p. 134011 66101310113144111136611. (11115105 1146111 6111011921. 0431146611
60111011 11 1111 18411 10 p. 3961 0105011 l 1381322111. 115111 111361

60111115 1126310 Gepa 1711 37611 5111 33810 53011 64110 Geriue 1. 12911
(1111111Π6161 (1150110608160810 6113101111020311 6100113831οῆ 018911
(1110000104221 Geppo 06341 6101105169117211 741821 (11110014017411

(11111001 13231 Ger 16011. 063411 86020211. 1111011111 Gerisiudu 1111331
6111511150 018811 Gere II 6761 6771 Gerisindu 113001

(1111111119 Π8421 6111111101 11510 61111105 l. 11 67111 Gerleieus 114521

(10111101 Π 6381 6111111101 ur. 1 23711 Gerdr: 1 8210 (1115111110 ΙΙ 27111

6111111111 101081 3 Gerammus 1166111 Gerebirhc 1160111 6111115 1139111

Geling Π 10011 Gerurdus 11710 61115001 II 6511 Gerleip 13611

(111111 115421 Gererdus m. 12391 6111010 ss 29411 6111101 11 2781

Gelmer 1131942 60111101 recl. 11 4111 61110110134011 Gerliehoueu 0 61311
(11101613199 16115113111411. 0441112411 Gereni 0 42411 60111011 11351 14211 14511
6110 021911 34511 Ι6115011101017811261126111 Gerenia 129711 1761. 013111 2361128911
(1115111111 Π 31811 (1115111155 111491 611100 mart. 111 p. 39611 3931 39711 41611508116171
((11150111031911) 6115110 112911 6115111 11041. 1197112811 6115031056311

6115105 Π 1681 Gerberg 132111 32111 3681 1611133214651 Gerlinds 155. 115191
611501102521143611 38611. 1161611 6115130102591126411 601110118111. 1128111
6015011018111 6115110 ΙΙ 40411 601511101441115111 6111105 16211. 01141
(11151111 054911 ' (111511110106621 (1115011101 016811 17111 (1111110971 14911
61150011 0158111 16115115 014511 18710 23111 31711 33911 611105 p. 0141

(1110151 132011 61150155 01491 45311 60110115 16211

(1110111110 0121 2711 6115115111 0 211 1771180111 6115161161 7311 8819311 6110110101018111

S. Gemini 05521 260137811414115111 9511 2021 2101 22011. 611010111013611
6001011001118511891018911 6115115οε archieps. 062811 11101 2511 12711 15211* (1110111001 ol. 01411
610101100110.Ι2791127911 6115115111 m. 126211 20211 22011 23411 32211 Germanus 1511 1871124611
Geminus 119311 6115115010. 11071. 115651 3261382139113961139711 2831. 020811 21711
61000005 0441154113291 6115110 1921. 1167111 4031408114161437114571 8. Germanus 11 121 121121
41111 (11151105 116031 6591 66610 46311 48811108115691 2821 2911

(1111110005 subd. 032111 6681 (1115011 l. 129211 (sennar 010511 34411
010150 033611 Gerbirg 0981142211 6111 6115111101 11311. 114281 Germe 111311 18011 20011

Gemuudeu I 319 0. 61911 0115150016311 21311 55911 50011 53810

6011511501 Π 52011 6115115 II 10311 Gerhelmus 11 25911 61110015 Π 38311

(11011101 Π 31811 Gerbirig 11 2711 6115111 Π 29611 37811 6100010101 Π 16711 2051

600511Ι6911 6115110047911 611511104231423154311 611000512113211*88111311.

6101011280. 012810 35711 61150111 131151118519911 6115110517311 1111611 161112041 4271
3601155411 i 1121 38211. 0 231 1941 6115113117411 445114551148911

 

