1111111111 ΠΙ 13811

1111111111] 131911. 114411

5311 6911 831
1611111111 d. 13161
1111111111 1113611 4421
11111111 13261. II 84111101
11211 1321156111
1111111111 1121011
1111111111] 1126111. 11112111
1111111111111 1134511
11111111611 eps. 1133811
1111111111 Π 35611
11111111111 111511
1111111111115111 1611. 11461
51511 1001115211 118112121
31211 3121 39911 49014921
5061 56511 60411
1111111111 ΙΙ 30911
11111111 131911 319113221
3221. 1124511
1111111111 1 16411. ss 421120311
289113221149416041160411
1111111111 Ι 1361 16411 25411
2541134511. Π361129611
32411 3191142611
11111111111411 3291131211.
1129611388141111*.Π11511
1111111111 111111
16111111 136811. 1134511
11111113 I 125113081131211.
1113211 2041 41111 55611

INDEX NOMINUM.

(Adapirg Π 30411)
1111111111 12431 24311
1111111111 1141611
Adapruch 111411
Adapurc Π 1031
1111111111 114881
(1111111 1148111)
11111111 50311 (34511)
1111111111 125111. 1146411
1111111111 132511
1111111 12651. (115511)
111111 1141811

111111 1135411 49511 51411
1111111111 11 213111

Adde 1111011

11111111 Π 40111

1111 118411 22911
11111111 1118811
1111111111 1115511
Adebero 1141111
1111111111 Ι 101
1111111111 m. 123111
Adebirga 11244111
1111111 1129511
Adebrandus 111111
1111111111 1154111
1111111111 III 351
(11111111 11611)
1111111111 11 34111
1111111111 11 1061 64311
11111111 116111

1111111113311 121111. 1122611 11111111 11811

1111111111 110211 14011
11111111111041133211.113431
1111111111 eps. 13551
1111111111 113111 “
(1111111111 110211)

11111 Π 22611
Adel 11231
111111 112801
1111111 1113111
(11111111 1113511)

1611111111112111 2281114411 Adelberga 111111
1111111111111.Π321141111 Adelberhtus p. III 6911

1111111111 Π 38111

Adaluuip 1141311 55511

1111111111 111111

1111111111 1131811

1111111111 15611 1421129911.
11 29611

1111111011 115311

Adelbero 112911 10411 2421
3121 64111 6491164911

1111111111 16011 8611

1111111111 112911 58115811
5911 42111

Adelbirin Π 14911 22111

(1111111111 1155911)

Adam 1101 3311 1511 941 1111111111 112301 4931155911
1631 1641 254129811. 11 301 1111111111 subd. 11111
21111242126911213112891 Adelboldus 11 15511
33511351115051152115141 Adelbot Ι 1231

5811. 111111

Adelbraht 1129311

11111111111611. III 831 ’,9611 1111111111] 111 1511

14111
Adam 1. 129211
111111 m. 123111

11111111 ΙΠ 1031
1111111111 Π 26111 54111
1111131111 m. 11115611
1111111111 ΙΙ 369111

1111111111 d. 11141
Adelbret Ι 5111 861 1161

(1111111111 112911)

1111111111 II 44911

Adelburc 1111611

1111111113 1112811

Adelburga ss 31

1111111111 Π 61511

1111111111 1166111

1611111111 Π 6281Ο

Adelchisus 111311. II 6281

1111111111 1121311

1111111111 111411

111111111- 11 31411

1111111111 11 611611 1311 15411
25211 5541

1111111111 11621 38311

111111111111 113181

1111111111] ΙΙ 2041

11111111 III 9811

11111111 11551

Adeleobin 1111111

1111111111 Π 9411 61511

1111111111 1116511 46011 64911

Adelger 11 56911

Adelgoz 1 26411. 1145111
66411

Adelgoz l. 1116411

Adelgrim 1111411

1111111111 1166611

1111111111 1 141 861 8611
114641

1111111111 116111 6111

1111111111 162111411 24811

1111111111 Π 29011

1111111811101 8211. 111111
501 5111 20011 2241 24411
2491 213112161288133911
34611 35313181 31311 11111
66511. 1112311

Adelhaydis Π 56911

Adelheid 111111 44115611
56111 60610111). 1Π10011
10011

11111111ἱά11 1161611

161111111111 10111811 88911.
11411 5611 5611 21211 22311
5921 62611 6531 6511

1111111111 1111111

1111111111 120611 3041. Π 9111
13111 2031 22111 23212511
34611 39211

Adelhelmus d. 1135411

11111111130411. Π54916021
62611

1111111111 31511

201120111 20111. 111111 1111111111 115461
11111111. Π6521.1118311161 14911334114391451114681 1111111111 Π 31311
5681 1106166811. 1112811 16111111111133911

(1)(11111111 p. 11161

1111111311 11 33911

Adelbreth 1 8611 18111811 1111111111 11 61011

1111111111 112911

1111111111 1156111

1111111111 I 141

1111110111 11 2111

1111111111 1131 31311 31811
52511

1111111111 11621 24411

1611111111 m. Π 51811

1111111111 Π 29411

1111111111 1 18611 18111

1111111111 m 126811

1111111011 Π 2941

11111111 ΙΙ 3141 34611 55311

111111 Π 1311 6581

1111111 Π 3531

11111111 Π 23811 29611 5991
61111

11111ο1 1125111

Adelperga II 5641

Adelpern 11 15811

Adelpert 13901. ΠΙ 10111

1111111111 118811 1891

Adelpertus m. 1188128011

11111111113101. 11811611)
10411 2241

Adelpret 162111311111111311
1311 1311 1311 141 8211
11411. 111111 23011 4221
60111 6161164411. 1114111

Adelpreth 111411

1111111111 Π 29911

1111111111 II 61511

11111111 II 21511 2161

1111111111 ΙΠ 2311

1111111111 Π 5121

1111111111 Π 2881

1111111111 ΠΙ 9111

1111111111 Π 105112661131311
33811

1111111111 11 5541

1111111111 I p. 134111

1111111111 m. 1162811

1111111 11 2861

11111111 11 54811

11111111 p. Π 5641

1111111311 II 6491

1111111111 ΠΙ 10011

1111111111 1123011

1111111111 ΠΙ 14111 „

1111111111 131111. Π 2301
66511 66511

11111111 1163011

1111111111 ΠΙ 8411

1111111111 II 30311

11111111 III 161 1611

1111111111 1111111. 111811

(Adeo II 801)

11111111 1 p. 13411

1111111111 1129111

1111111111 1115511

1111111111 ΠΙ 1011

(11111 112491)

 

