411 INDEX NOMINUM.

4115111 13811 9111 11210 Aspim II 63410 81111111115111161511611 41111115 Π 20111

41115111 Π 4001 41111111 Π 43211 18111 191111911121812191 Aua 112113211 32411 32511
411511Π6341 4111111111 I 29511 29511. 2411284103111335133911 Π 2261 33311 31411 5211
4115111 II 16611 111111111 5041 54811 38211 38111 40316111) 4061 65611

4115111 Π 44911 41111115 Π 61311 40911 409114161441148411 Aua obl. 11 111

4115115 Π 4251 4251 41111151 Π 1011 53311 48811 48811 494149815041 41111110 1111311

4115115 m. 11 44511 41111113 I 36111 5061154111 5141584159411 41115111 Π 39111

4111111 Π 63410 411111 ΙΙ 6161 , 62611 6211. ΠΙ 141 451 Allan Π 42211

41111115 Π 32211 411111 II 3941 53011 411 II 3151161111 49011 49811 41111111. 11 45611

(411111 Π63410) 41151111 112941 2941 49611 Α 51111 4111111111 ΠΙ 12411

4111111 11 63411 59111 410 Π 38111 4111111111 Π 8311

411111111Π 33811 41111511164111 1111. 12311 41111111 111. 12811

4101111 Π 6131 41111111 Π 34111 410 cl. 111511. Ι 12011 4113115111 II 29511
4111111110311 1411 6121 411111 Η 1211 410 eps. 12101. 1138411* 4111511111 14811
41111111Ι61511 At ..... 131811 4101. 12861 4141311101 Ι 18211
41101Π65611 41119112611 441156116811 410 111. 122111 2281 28011. 4111111411 11 3391

4111111 12411 911110311115111251012511 11111. 11115611 4115111511 Π 9311

411115 p. 11 44311 1211112811 1331134113411 (4110 p. I 1161 4111151111 Π 6811

4111111 Π 26111 14010 14010 14011 14110 410 p. Π443115031 4111151111 Π 9311
4111111111. 126011 141111431149101491115111 4111111111. Π241 4131111101 Π 26911
4111111111. Ι4811 (1601) 16111 16111 11411 4101111 1115 18811 4161111111 Π9211

4113111 Π 10211 26211 30311 31011 34611 4101111111 129511 4111111111 Π 8211

41133111 Π 6121 3611111111) 31111. Π6219511 41011 Π4011 40311111111 111111 44811
41111111 Π25410 15311 16911 22611 23611 4111111140 11 30611 4111111111Π 34111

415111 Π 6161 24911349113561 3581113611 4111111110 11 30811 4111111111 1 1931 911111,
41311Π5111161611 39311395139911443140411 4111111111Π 30411 1180118111446144711448,

4111114 Π6161 40611 4091* 40911 41111 411111111Π30611 413111111111128111
41511111451115091 411141511415114181142410 4111111110 Π 30611 4111111111 11841
41105 Π1111 425114341143511451145810 4111111111 1129911 4011111411 ΙΙ 3011

41115 Π61511 46211462114141416141111 4111110 1129911 4111111401 ΙΙ 42111
4111111Π56411 490114961149114981ω11 41111111 113051 40611111111114011. Π16411
41110 Π 1381 5001150111511)5181150811 Atta Ι2611 661941951 11811 4111111111 11931
41111Π1151 50811526116241. ΠΙ401 114111261013511136114111 41111115111181111831118611.
4111111Π1151 43113011921 14911 15111 15111 11011 1118118119111

“ 41111111115. Π401 111111111181 11511151111611111111111 4141111111 ΙΙ 18811
4111111111 Π 32910 411110 Η49811 1191 26311 3261 33611. 4161111111 118911. 113211
4111111111Π32310 41110135511. 1132511 Π10211203113381131611 414111110111.[2171
41111 Π1411634163411 4115111Π9911 40911 43111 (bis) 43311 4041511111118911
4111111111 1111111 1111111 11111 1111. 11111 11111 11111 1111111111111111
411115 Π 51111 63611 4111111011 Π 6241 51411 51411 51811* 52011 4111115111 Π 6611
4111115 Π6121 Atha 110111 52011 (bis) 5211. ΠΙ 8011 4111511111 Π 5811
411114 13511 14311 4151111 13231 Atto Π 10911 4114151111 118611
4111115 Π41610 4151150111 1Π2411 41150 ΠΙ651 414114111136111
4111111 11131 15011 60411 Athalburg Π 211 Atti 1134111 4361 Audilio 11801
4111101Π629116561161611 415115111316611 Atticus Π28911 4111115111 111. 12160
4111111411 1111811 4111111311 III 2411 Attila 1111111 Audilo 1111111
4111111111 m. 121011 4151111 III 2411 411111 II 16811 4111111111 1111111 8911 15311
411111101Π6561 4151111111 rex III 2310 Atto 121 1151 2431 24911 Audiui 118911
41111111Ι6611 4151111115 ΠΙ 2411 341113491131811. 114011 4111111111.12141
411113111114411 41511111146911 111111112810145125311 41111111 112191
411 Ι18811. Π191 411 Ι 16111 36511 40811 43811 41811 4111111111 1126911
411111. 12111 41111 ΙΙ 4691 4991 53311 54811 56011 4111111111 15111111. 1136511
410111115911216121311 Atili 1661. 1111111 58911. ΙΠ2614311491 Audio 111311
41011111 Π66411 41111 Ι 10211. 11 651 111111. Ι21111 4041111111 ΙΙ 29911 30211
41011 Π2551 4111111 Π 31111 11111. 11511 414111951119311. Π 41Μ
41111Π21111 41118132115011881114111 41111 11841111 6811121119111911881
4101 Π63811 16011 18611 22211 22211 4111115111ηά Ι14510 4111101111 116911
4111111111 Π2511 24611 25211 2961 (29811) (4111111511οά Ι14510) 4111011111 Π 6311
4111110110 1111111 35011380113961. Π 191 4111111110 II 21111 4131110111 Ι 18611. ΙΙ801
41151111151111511. 1146411 291133145169169111111) 41111111 Π 49011 4141116011111. Π6281

 

