31 pag. 9991999. XXXVI. 197

1199119191 9193 139, 19 mon. 199. 139191919. 139, 9959991331911 199, 93 1719091993. 139, 91
1809. 139, 39 pro 139911111113001991919 13991199118131 1333111817. 139, 37 1839. 139, 38 1783.
13999119991991991991. 139, 39 1993. 139, 31 1999 99 999. 139, 31 1919. 139, 39 1919. 13931
9991939991999. 139, 3919 99199. 3991999. 139, 391999 ret 939. 1 1191199199. 9991991. 11991919.
1133 mon. 793, 1313. 1131 in 11911. 311. 1138 1199119393. 110, 71870. 11381879. 110, 91 899.
11911 1993. 1191911191. mon. 991. 119131999. 1191119999999991991. 9991933. 119131999
917913. 119191993. 119, 191991. 1191911999999. 11999 1991199111 19999919319971199999. 9991913.
1199919913 rel 99999. 939. 11993 119993. 999. 919. 119911999. 1199319119. 11999 mon. 991. 913
919, diuam. 993. 119, 991939. 1199911999. 1199919111. 119391991. 119, 311933. 119, 391999.
1193319919. 11931193991999. 11939 9193939139. 1199111939 rel 931. 119311399. 119391333.
110, 39 1331111 301. Quae 9111999919 9991999191 99119119991119911911. 99111 (13310 1111111931 1311991379· Dauid
1313· Mam † presb. 813· 13311 11911919191393), partim 93 1119991111αὸ9πί eiusque 9399339199 (13311
1111919 19131. mou. 399 rel 904‚· 11999 1873191999. 393· &mulin † 1111911. mon. 893· 1399111911 13711 13313
Emori † 1119199199. 893· 11991919 1 presb. 99991. 303· 11999911 119991. 1999. 393· 1199991999· 1191911191 1 presb.

9199397).

 

