· 9033 10931 38333

426

00131103 038313
0013111311). 134 1111. II 2241
5671161163
0013111333 Ip. 1341113
0013131333 0. 113733 00133311] 13311331
0013113131 1 15733 15733 2083. 00133331 Ι 15933
11 43211 48113 48133 56331 110131 13183
1101311111 131133. 1125113 0011313118113
27613 43713 44213 0011311103 137513
0013111111 11633 1783 29933 0011303333 Π 62033
3173 33833 35333. 11 1313 0011313101 lp. 1341113
11411 22311 22813 2463 00111111 113151
38033 4813 5243
1101311111 131613
0013111111Π42333

0013311113 11483 17631 2633.
1133413 39433 53333. 1Π1573

00103113 120633

00133113 ob. 313331

0011130131 11115631
00115331 111. lII 301
0011111130 11111111
00101011 1333311 00111131 1930* 134311 14611
00133333 Π40330 1911131013, 1119133
0010111 13833 14533. Π 5103 0011111111 1117733
00131113 135233. Π 37533 001133 1132233 411311
0013333111Π49431. 311353 0011111 (Κο11111) 1331 141111
001311131Π44231 148331743324433. 11331310
0013333111 Π 41631 933 1723 22033 22033 3133

43133
00113131Κο111113)12633 12513
0010331οΠ6391 12611 151113 30813. 114761
(0010311110 Π 14831) 52933 53033 5361. 11111213
0013301110 11 1333 57933 58433 0011111113 1122731

59333 0011111133 114471
0013300Ιο11 139233. Π 873 0011133311 111Π13131
0011111111 314311
0010110131 1 111511
001013011 1Π15413
001011133933

0013111111 Π 4493
00133 Π 1733

0013103111 Π4141
0010303111 111331
0013103130 Π 10233
0013301111 133811 00101101111128933
0013300310 Π 14831 0010030111 1143533
0013301310135430. 118433 0011133133 1119611
0013301101οὴ 118733 21911 001111 115771
0013111ομ11 II 4733 481 56413 0010301 lI 5383
0013311131 16826 94313 3533 0011131113 1111613

35313. Π3613361313133 00130101119613

13133 34913 37333 37433 001111 11313. 06473

42333 43713 4893 50833 0011111133 046633 47831
00133113 116325 · 0013331331115791
0013311131 Π41333 0013111113 Π22931
00131131 1583 . 110313 1133111
0010333311 Π493 19933 32813 0530127613

45ἓ910 4702* 49733 55333 061113111Π67311
97

00133111οι1 p. 12131
1101333310 Π6153
0013330310 1553. 11 28613
3153 3153 31533 3161348933 Π 21433 (bis) 4391 4393
48933. 111633 43910 67313
0013330310 31. 113011 (003301 Π 21433)
001013001011130933. 114531 0511315311 8031
4611 1223 0031110 1111341111
0013330311 Ι 36633 38333. 1003101110134313
Π 16931 22210 0510 1155711

0511131133 11 5923 67011

0113131133 eps. I p. 1431

00311131 (05313111) 16211 7311
743 743 8233 8533 863.

001033031130 111. 114333
001331133011 ΠΙ 6211

Ι 00330115 128313
Ι Couuib 16013

INDEX NOMINUM.

00113113 11 32913
0011133011 1 743
00331111 11111933
0031111111 p. 113853

00111031 l. 128613
0031103133 13411’
0011103111 1 Π 2993
0010331111 m. 123413 23511

00313113301111.1142210 00311110 1311713. uffln

00111031 11 2931 513 52813
0015031113 11311 2111 3763.

00100111 l 113 89339713 24233

11 56033

1120331 39313 42331 4893 0010011131).17523

53733

00100131 1. 128633

0011133133 33. 138433. Π223 00311010 Π17133

Cozbirg 12943
0035011133 11 19213

0011313111 11 43³³
Cozprecht ῙΠ 8933 9034 ffin

0031133111 1118931 46633 54731 0010100111 ΙΠ 11733

56333

0031133111 ab. 11433

0011130111 1. 12913

00311331 1971. 116710 6733
43113 46111 48213 4833
48313 49413 53713

0031133111 11. Π 473

0011131131 1151533

00311330 ma. 31311

0031111111 137231. 1126433

00331111 11110733

00113111 1121133 41433

11011131111113

00311311111315135571.1Π11533

00311331 19013. 1121233

0031131311 1110113113) 11119931
10130 111413 2293 25430 2893
3111313483. 112213 6433
10013 25233 25231 33533
3683 3683 39131 41931 43031
461110 4933 51831

00311330 18463. 1122610

00311011 1 p. 134 1113

001110 11 501131 5303

0011110 1124613

00313111 m. 12573

003111111Π71

0031110131833. Π 8243333833
4083140833

0011131113 ma. Π 711

, 0013131131 1143733 43733
0031130111 (1103333131) 110213

1673 1673 3153 3423 3593
111433 5013 1703 1713321113
3253 38910 38433 40133
411111 41331 41333 4931
49311 49911 50333 50311
52531 5313 611331 64631

00311301 1110311331) 1211 3233

4433971 15411 170317213
1731 2441 3001311731 30911
301113351135510356133653
311111 99333. 11 1233 5013
5311 6411 6813 1133 m
24413 27431 27731 2973
32313 3253 3521 (bin) 359³
97311 37413 37413 38213831
41531 41913 41933 42131
43133 48211 45110 45833
45533* 46333 46713 47711
4791 5013 56133 64733

00111331 0. 13653

. 00103011111214132161325913
00313101 p. 11 4901
0011333111 14530 541. 1113313

1903 19011 3143 3880 39110
3921 47530 49433 50933
5433 54333

0011331101 Π 4923 51213
0031111131 0. Π 4061

00111113 (1103111οτ) 131111. 00111110 12511263. Π17313

1112033 24731 25513
00113331 11149331
0033111111 111. 122813
003111 11633. 111311 1133
0031113 12213 1343 30111

00133311 (11013333) 1 16710.

Π 7413 22633 39233 4913

0033311111 11115033
0033111 111131 1141
0031111 m. 125633

0030113513 17433 51433 0013011 Π5473

0010111113 II 9533
001011 1143313
00301011 130013

003331 135411
00131331 110011 13933
0031113113 116711

001011 13530 111331211111113) 00111311 Π26530*
1251 3511. 112523126631 0031101516033131.111.134013)

32033 51931
001013 11173
0033333111 Π 5263

00333133 Π 36033
00110 1112133
0031330 1127531

00311331 (1101113111) 1231113313 0031113 Π 43131 49111
11210. Π 141112263125533 0033111 11 56810

 

