INDEX NOMINUM. -421

01111111151115111 11115 Π48811 1115111111ιά 138311 19011 24511 25411 2551
011151151111411 1111111135511. Π32511 1111111151138119811 16411 29611 29611 81611 33611
0111111111561Ι Κ111111Π55711 17211 2301. 111111 511 41111 4121* 4881 48811
01111111 116011 51111 13111 401103111151*. 6411 15911 2191122712511 49711 5531 55315611 58511
01111111 116211 Π 1411 3811 1901 19811 3121 37211 39611 42411 59711599116001
1111111139011 32611 38211 38711 38911 50311104115181161811 1111511111125611 25811
11151 Π20311 39511 46611 49811 5581 5111111111 Π 1001 11115111 Π6191 6221 67111
1115111115 Π43511 6051. ΠΙ 7511 1111311511512301 lp. 14411. 111151111Π2411 2411
1115151111 12611. Π 11711 1111111Π6701 111011 11115111 Π 18611
2569 51111111130811 (11111111 Π671)(7311)17411) 1111511111Π6211
1111555111 1. Π 38711 1111111151 111111 11111111 15133211 111151151 Ι 15711 16311 2491
111511151921 51111111Π546116051 5111111123211 3381136611. Π 4911 52611
1115115111Π6711 Keilsind I 3711 1011 1231 0111116111Π34711 55811
1115111111131011. Π44111 13911 17111 17311 3581 01111111 ma. Π611 11115111(0115111)14211(15711)
Κε5151111(01515111)1261691 364111. Π1341 29911 39511 0111111111Π2911 25411 29711 34411 94411
821 3331 36911. 11 25911 40111 40811 43811 4931 0111111511Π4111 35011 35011 35111 39311
2611126512651298114261 4981151511 0111111111 Π4111 11134111. Π 5311 2491
59111 6051 1111111111Π4881 11111115 133211 1111371 31111 46111 52611 56211
1115151111 eps. 11111 401 1111151115Π4981 011111 Π 781 4221 65011 6651
1115151111 l. 11111 Keiluuih 115811 1111115 Π11531 111151115 Π 39911 66511
0151511111 ΠΙ 10511 Κ111Π2211 51116111133211 Ip. 13711 11115111 11251 13411 15911
1115151111 Π48811 01111111 Π56011 5111111111 1 p. 13711 16111. Π1011311813711
1111115111 11351 01111 m. Π 5261 1111111116 eps. 133211 3711741122611 3361134811
11151115 19311 01115111 Π 7311 5111111111 epe. I p. 1371 42911 49811 67111
11151111161531. Π12711 0151111133111371 Kepa 11 64511. 1111341111 111(1)5111Π3811
11151111 13411. Π45511 0111111611611 16311 1111151111 135911 1111151115 12611 30011
11151111 Π34911 0111111111 Π31311 511151112211 11115111113411135111. Π1301
1115111 114511 0111111111 Π56011 11111111 Π 6241 154111511)252118231133811
11511115Π3841148211 0111111111 531111 4991 11111111Π51811 45411
1115111111 Π35911 01111 110311. 111831147411. 11111511 III 221 1115111Π51311
1115151111 15011 ΠΙ 631 11111115 Π 47711 1111511115 11 1111
Kebiheri Π 3011 0111111 Π 5411 31211 31211 1111111 ΙΠ 241 1111511111 I 13011
111515111 Π 5461 0111111111 115711 1111111 Ι 2411 1111511 Π 3811
1115111113116111 011111 15411. Π496114991 11111131Π23611 11115111 Π 51311
11151111 1366137411. Π 1411 011111 m. 121811 11111111111Π10911 1111511115 11184511
11611 0151111112411 511111 Π2481. 1111111111 1111511311.134111.Π24811
Kehini 11461 1111111111 Π 23011 11111115 ΠΙ 8111 0115111115 17811
1115111Π261134311 1115111Π4311 111111Π24511. (1111111) 1111613111 Π55711
1115111Π4081143411 11111113Π1571 1111115 1921. 111911211 Ι11111111126411
1115111151Π43311 0111111 Π200111 11115111117811. Π 16911 1111111116 111511. Π 42811
11111 Π 63211 01111111 Π 6411 1111511111 m. 120311 21111 54411 54611
1111151111 Π311 01111 Ι 14511. Π53811 1111511151 Π 1491 1111111111Π5161167911
1111111Π 28611 28611 0151111111 Π 45911 1111111151 Π 6141 51111111 Π 22511
0111111 I 15111 390111. Π 11151111138711 1111111111 Π 2111 27511 30911 1111111 Π55911
38711* 3931. ΙΠ 7911 831 (11111 512211) 1111511111 12711. Π23611 1111111111 111511
01111111 556811 1111111135111 11115111 13071. Π 12911 1111111111 112411. Π41411
11111111 Π 42511 511111 13181 51311 85911 1111111111 Π 27911
1111115115Π1951 11111111 Π23011 11115515139011 11841111 1111515 1581
0151111Π56011 γ01111 Π377113791. Π19511 11115111113021136011Ή30111 51151511 Π4821164911
(1115115 Π 37911) 0151511111 Π 36411 39311* 61911 1111511611 Π 6491 6621 6681
11111111 Π1711 23111 49711 0111111Π58115915911 3061 111151131Π6441 5115113111 m. 123411
5181 5831 31714211142111 11115111151306113061131611 1111511114211511 6917211
11111111 1.Π 1711 (51111116 Ι 17111) 1111511115 abba. Π 6431 7211 7711 8711 9211 981
1111111111111111111111 1111115 Π2861 111151113Π18511 13311 14711 16511 20611
14311 15211 17311 17311 1111111551112011 1111511111 Π51711 22411 29411 30611 32811
174112211130911. Π 19111 [11115111871 511551114611 34711 3521 3541 85511
25411 35911 4081 41611 111111 Π413147311 511511616115211251117411 3661137113711387139611.
46311 49711 49911 49911 11111111 11121511 1771132711 32711. Π1911 Π31101131113112111’3211
511115141161411. 511101 11111151Π40411 3211 32115411871112111 4511 4811 6511 961 11011
1111151111 Π5201 1111111115 Π42411 16211 17711 17811 19011 11411 12211 1231 12811

 

