901 ad pag. 00d. aug. XXXVIII.

1199 81191919 1119. 19992 1199 91911919119191111 ’1991. 1191 911. 1919 71191931. 1199* En.
†999. 11991919391911111119919. 119, 9* 9991931. 1199 † 991; 11191991. 119191919.
11911* 111111191999. 119111919· 1191111911. 119,111199;Η11·1“11.8.111.999. 119,19†999; 11991911.
11911 111111. 1939· 81111991. 119,1911911.1913,·Βα11939. 1191911111. 19192 11919 1191111. 1939.

’. 119111 911; 1111119. 1931. 11919* 8191. 1999. 11919 presb. 199; 111111. 1 991. 1191919111 1919·

1191999819 9191 119 90* 17191991. 119191199· 81919193319911. 11911* 9911111911.
119111191999. 119,11*1191.1999. 119111999· 11991939. 11913* 1991991111991. 11913 9191.
1812. 11921 (1911. 1879. 119, 29* Η91.1828. 1192918191891111111 1109190 0110.11010199110m.91811-859
191. 11911111. 11919 Ger. †999. 119, 91 † 911.· 8919. 1939. 119191939111991999. 11919 11111.
1829. 11939189111171111818191891. 99311789 11911111813888111888. 11932 (1111111. 18381
119,3311111·11.1191. 11931191919191991. 119,391191;199.1919111919. 119311919·
1919111919 911999. 119391919119191999 111991. 119391919. 11919 8111111. 1931. 1191111191.
†999. 11911 † 193. 1199191999991911. 19931919. 1991 †999. 19991939.
19991911. 19911199. 19991919. 99191919. 199111939. 199111939. 191, 19 † 911.
199191919. 19919111 911111.191-911,1931. 199191911. 199111931. 1111191111 911111111911191
11911ιί11999 11999 911111 obscuranda. Ρ1111111 1191111119 199, 29-13,· 151, 2-19,· 1991-19 99111111 911119 911119191199119111111111
7829119919 11990011101 91111119 111 9911911999 91111 119 991, 1111993939,- 191,19 91111111 7799911111911111,· 15919111
ad 190; 19919 qui 1111 781 notatus 191. Quae 11 ra 111119 annum 9911191991 nomina (91 191, 27 ad 799; 151, 321111 789·
192, 22 1111 799· 151, 38 ad 793)111“111’11119119111. 0991119 11111119 nomina (1191911119 9911911911 comm 9111119111911119. 119
(1911111911 911111. De secundis 1911911919 111199 9911111119 11111119 91119 1911999999 1191911 1111911111. Forsitan 11111 91911113
111199111991911111919 991911999911199111,9111191111191 1991 Η. 1 82⁶5 HI. 1119111111. 199-919, †919. 100, 3 † 793.
1991891999. 19991991. 19911939. 19991911. 1991919111 199,1311.1999,·191931111919.
199111911 111 990. 190, 19 1933. 199191891. 199111199111991. 190, 191919. 19919 99191939.
199111991. 199,119·.1991;11199.1919. 1991311191 9199191939. 199,21Ε119.1818;(191.1899.
19929 1811. 19918 1919911119 11999111· 111991 888 (d 1199911911ηά9. 1, 311 sqq, 381 119,, 898 99). 1919271819.
199191911. 19919 99111 1991. 199311888. 19931 1911. 1993311199. 1193111191931.
199391919. 199311991. 1993111939. 19939 1939. 19911 1919. 19911 1919. 99131993.
11911 7191111111 1919. 19911999. 191, 9 †999. 191991919911 191, 1191119991. 19191919.
191,9 Wolf. † 999. 191, 10 19112 1991119319. 1991111911. 191, 13 811. 1931. 1991119119111
191, 191931. 191, 19 991. †999. 191, 11 1111919 Ad.†919. 191, 191991 191,90† 911. 1911111199
111999. 1111111999. 1991319191 1911119111. 1911919111 1991111911. 191, 19 Η. 1 999,-
811. 1919. 191, 19193919 931. 191, 391919. 191, 31 819. 1919· 2111191991. 191, 31 †999. 191, 391919.
1993111191999911911. 191, 39 1 999. 1993111911. 199191991. 1119111999. 191, 1 1 999.
1999 1991. 191, 9 1 919. 191, 1111. 1911. 19991919. 19919819191911111919. 199,11 1911.
191, 131919. 191, 111911111999. 191, 111931. 191,19*1)1ι11.1919,· 911111999999111919. 1991911119.
199191939. 199, 91 1991. 1991911113. 199191911. 19119 1931. 191, 19 19913 1993111991.
1993111199. 191, 31 1919. 1993111931. 199311991. 1111391999. 19939 1911. 191, 39 1911.

 

