INDEX NOMINUM. 413

411311 11791 ’4116333119933 413 eps. 11353 3383 37511 43033 43913
4113113 Π 313 313 ι 4111136 II 39733 41331633 116314733. 1155033 47313 50533 53313 60633 6563
41111313133111311 1155033 41163633 I 18711 36833. 4111311633 111. 133833 4131133 ΙΙ 4683
41313131311133 1134133 54313 Π 37311 4111111111 II 63713 4131133 l. ΙΙ 6151
4111331131633 d. 1155313 4113333113 Π833 4133311113 ΙΙ 6753 4133 Π 33313 43633 44933
4131313131133 II 54031 Arighiso 1137311 4111633 Π 1463 (Π 3011)
413133113113311314813 41111333 1 13733 30133 30133, 4111113311 1149313 4111133111 ΠΙ 1613
(1113113111 Π63413) 113393 4133131133 11 4033 3733 45311 41131633 1136413
4131111311 Π 34513 41111333 111. I 37333 4111331333 111. I 37333 411131633 Π 30831
41311331633 II 39111 3641 4113133 Π 4113 4133113613 ma. 11 71 (41111311 Il 41611)
4131131363 1137413 4111131133 m. 16731 4111311111 1165633 41113133 ΙΙ 3393
4131113111 13333 41111133 113973 4111113113 18313, 111633 Ατ13133111133Π1783ο
41333313 ΙΠ911 4111113130011. 118033 4131131111 m. 130311 4113311331Π 6313 1313115931
4111111133 1136413 4111113633 130011. 1137013 41311313 131011 4113111133 p. 111 1593 ‹
111131616931 4111111163 118011 41311311 Π 13313 41111363 1139533
4161131311 Π46731 4113133133114031 41311111 Π 53133 4111111111 19031
41631133 113061 41111131 Π 7033 4131 1136433 41111311. Ι 39013
4163331133119033. 114483 41111131161131187331891319333 41311311311311113 4111116 Π36331
416333113313. 13783 36813 37813. 11393 8331 4131633113993 41111311331136333
4163131133 ΠΙ 11511 84111 4463 4131113113 1130731 4111131111 19913
4161 1161611 4111333633111. 13813 41111331 1116933 17313 4111131333 1113931
41611333 Π 30011 41131331 II 3393 41311311 11 33011 Α11113111311333 lII 573
41613333 11411 3641 4113131633 11 3873 41113311 114331 4111313133 III 9613
4161111 1147433 4113113511 19333. 117813 4111ο1155013 4111311111331114431
4163113311. 14833 8833 9331 411133319713 4111111133 116831. 11113813
4163111311 14911 1411311631 118031) 4111331633 11933 41111113 1134411
41633313331133913 4111131631 Ι 1933 , 4111311130333 4111113111136813
4161316113 113651 4113111633 113731. 117811 413316331631311933.1115513 4111116 Π43811
4161311Π17433 8031913 3161 4333. 1115411 4113113833. Π4613 54311
41631333 1131011 5433 41131333 119713 4111311 1 8311 9433 3063 33433 13813 35513 33333501156633
416311113Π39313 4111131133 11773 3691. Π1333 7633 1791311 4113313115343
4163331134033 4111311331187111 1881118833 3371 37013 37413 30333 4111131133 Π3633
4163331333 11511111 19331 19713. 117933 943 951 43733 50511 5103 53833 6343 41111131 136313
4136311 Π6913 411113113311. 137313 37331 41113111. 139313 41133111 Π14333
Aregewe Ι p. 13911 38113 38311 41111111 111. 131331 413133 Π 4111
4133133 Π 3701 41111131 Π 843 4131111 rex 113833 41111133 III 13813
413113631137731 41113633 Π3593 36033 4133113311193. Π331366413 41311633 Π3393
4133131633 113401 54333 41111333 1153711 4111311311 imp. Ip. 13711 41331 Π 67613
413313Π164131373135314811 ..... arius 138111 4111311 13313 7333 811 35513 433 Ι 13013 33013. Π 3713
411116111183314111 4113311133 1133931 35613631. 1139333913 341 7631571356313 5831158311
Argenteus 114133 4113113633 d. 1155131 511 6733 6733 1151 18911 58333 63933 6343 6343 6343
Argenteus subd-131& 41131163 Π 395111 1551 157311 15733 3611110111 63431 6363 6363 63613 63613
413331113311631441331 4113111633 Π39033 33531 33713 353311 36411 63713 65613 65631 6753 6751
41831131313 civ. 111313 3383 411313 Π48331 43031 4713 47333 49513 6751 67533 67616763
(3383) 4113331133 p. Π55331113) 56113 59133 63511 64813. 433331Π673391131

41333 1141713 (4113111333 1134031 1115413 10113 43333111 Π63433
41111111 Π1113ο 4113111333 113403 4111311 6. 11141 43113111 15711
41113113 II 14111 411313 ΠΙ 3013 4111311 1. 116143167111 431131Π 43633

4111116113 I 18311 41131133 1136713 41333133 1130033 43311333 p. 1117313
4111111133 Π 4013 5811 5813 Arma 1139511 4133113311631. Π4133 311131 43331313115773
33911 36811 41111311 11110113 36333. III 6311 1371 1373 4333113 Π 63431 65611
4111111133 p. Π30413 111-1113111133 114133 41331133 31. Π 31031 4331111111 111313
41113 Π33013 41413 4111131133 11911 4111311311 13. 133813 43113131Π6733
4111133633 Π3681 4111131113 118731 18913 411131 Π6701 4111131111 1135133. ΠΙ753
4111131 Π 39733. 1117433 Armatus m. [3791338011 41311311 1131313 43131113 Π 6341 -
4111311311 Π 30411 4133131633 II 15511 41331631 I 18111 .. 4333113 1131311
41111113 117713 7811 81118133 4111131 Π 63613 4136311 II 801 43331111 Π 13611 13833
9431 4113311133 11 36913 4131313 113113 4331311111 Π 4903
4111113 1119813 4111111361 143111531315613 41311 1813 169131703 39011, 4311131313 113131
411633 1113311 53331 11971 13131 14533 3343 43311313 1111313 43333 43713

 

