INDEX NOMINUM. 437

83311511311155111792325123 1133151335 Π 3123 38913* 14513 16213 17811 24411 1133111333 p. 15221
25311 25411 25431 2951 , 40823 41021 29412 30833 31721 34513 113311333333 Π42123
3003191033 328233292 3312 1133111533130623 31523 38621. Π 4313 4831 1133111331 1541 147125913.
356213562336223622136421 113311111156715672 5033 5213 5412 6531 6711 Π20613 2163 27611 31223
38313862338713902339123. Εη3111113Π1661 6713 7513105121112112613 35533 42413 49633 50813
11141 3123 3223 5222 5233 Engildiech 11 66611 13611423214523 15021583 51933
5511 6432 8713 10213 10211 1133151153 1126413 21233 21511 2183 21832 2283 1133111331 Η 45513
10531 14211 15021 15213 11331111131342134211 238232741127511312331923 1133113131 133533. Π12533
20613 22011 24411 24631 11331161331120623 32421 93921 33921 37813 1703138033
2501 25421 26531* 27921 1133113135 1131121 3921 40513 4141 42513* 4293 11331113311134023
29111 31413 33823 37523 1133111113 195221353113611 49312 497149733 504135322 11331113331110722. Π40132
38012 38711420234371 4383 16031 16231 1733 17332 5372 40622 49033
4432 4532348014043346413 1763 2523 26613722. Π313 11331133111.114813 1133153331 131623 33312
4882150333530135712258113 662105119611563120631 1133113121 112843329013 29311 1133153331 1 2841 2891.
586115883598236002160213 247113761130613398341122 1133113131 13. 111713 Π40811
62213. 1113331151 43811 47723 47731 4963 113311332 Π17113 49713 518115501ῙῙΜ191581115916

1153115161 l. Π57121 5147 5306 53626 55536. Ε331152151129136 ⁵ 1151617111· Π11916 93111
113311513131. 1112913 3313 III 4413 7711 1133115313 m. 15931 46311 56511 56514
1133115101 p. 110227. Π6590. 1153110100 Π 51435 1153115211 1242 3140 5429841) 11118110 Π 19140 30111

111211 1133116133 13613 41319133 11233 21621 30322 30633 1111311311 136923. Π16323
Engilbreth 114833 38734013 1115113213) 10523 1282111312 35733. 11312 1311 7433 (513) 16111 15111 15911 36316

41523 46033 49313 49523 13313 ’13411 13413 14113 12221 13311 13833 14023 39111 50140

1331333131. 111211 1113113111133131111121 1131 1131 1133 13111333 15311311 m· 121131
13305331511132821 1582115833162231641216512 2063 22223 2751128813 36021 1111211011 Π45111
33133311 111123 1313 13332333 211323333333 332133333331113311311 11331313 11413
3333311333 13133233333333233313. 113311311123112311233 11313341153103215911
11331151131160131643317513. II 1231 2411 271 3623 763 4273 43211 4411441213 48011 1566 95611 30411

113982 48833 51832 5993 10211 12713 19121 23811 4113314912 49813 521315352 1531126165 Π35111

54713 56433 24223 2451112503 2523 29311 54113 56613 595261711 6461. 1111811111ῐὶ0 Ῑ9411 1011113511
1133115335 1812 0533 1353 29313 33821 34613 34931 Π1181183 136101361114111

16213 3503 38213 30111 3932339613 113311531111.Π32113 Ε11311110111Π4310 4513 4611
833115113113511831139213) 40314113343331471349811 113311531131. Π44531 1891139914191141964351

39923 41833 4381356422 50033 511133 55811 1133115311 p. 111733 49916501155115541
1133115133114511150316121 Ε331115111131152012 Ε331153111 1 10923 15332. 1153111101Π59631

13311131132311123313131 3333333 1133. 31131 33331 133131311133
1133115133133. 11813 188124413 24813 2482335033 1531153131 0371319911 1111111121θί] Π49911
11331151331114212286144211 1533155311 I 32311) Engilhere Ι 12532 28233 35222. 6131121011 11111 5111· Π7310
11331151) 112813 1133113131511893 Π 1761 20423 2223 24533 74231943 44113
113311531319111134116812 113311113114111 349135913417144921 1133113131 1213 24311 2642 ,

17021 17421 29923 3173 113311111615421543333131. 1133115131 111213. Π14411 969130511359233704Ή1916
31712 33023 35911 38721. 1140023 40511 41933 52322 4213 4251 4833 4912 603 10221 3523

114141 53622 55821 Ε3311531131.Π44533 38423 43413 50631 50823
1133051335 19223. 11343 1133115111Π4113 113311511Π55013 51921 5233 54313 56031.

33311 1133. 1113311 11333311 1113 3113 1331 33333311123311331133 1111011611

1133115313 I 29413 31933. 15733 1642317313. 11363 15033 3003 30013 36023. 5111110181 ab· 111 11111

1133 1323 13311 1311 333 23331 3333 11211 112213 32331333 3133 1111111331 m· 11113

4323. 1111571 41733 45712 53722 60223 60323 11331131315Π 4832 13413
113311531331124333 1133113311113 313. Π711 11331153 Π26433 29233 3403 19710 3931* 39411 4611
11331153133 111273 Engilgarius m. 126023 3723 42711 54013 (4881) 5303 54313
1113331 111313 3133333 12111 233* 321 1113313311 1113111 11113311124711
1133115311 (1133113311) 13823 97312713 1303 1413231441 1133111311 ΠΙ 1552 Engilpruc Π99311 51213

13712 16123 17621 3173 144131463315013155116723 11331113 Π45012 Engilpruhc Π39311

34833 35823. 1139833 41131 17323 17631 17712 29921 1133111315 p. m. Π45421 1112112010 19611
1133111131 I 213 913 1263. 32533 34613 34821. 117513 1133103311 Π63121 1133113313136813. Π40631

114411 17133 2562 25633 32733 33721 33723 38721 1133111131111371 16813 1133113315 Π51732 ·
4011407235212156331 3983 4053141023 4111142631 1133103313 Π 751 1133113333 Π 41113
1133151331 111431 42913 4302143722 4862315111) 11331131331521 24631 25211 Engilpurue I 13421 13711
1133111315 Π 772 4961 4961 5093 5661 37122 37123. 11 42 9513 35323. Π42921
1133111133 11321 1441 1521 1133113111 1312 403 4113 4522 12613 15923 25513 39211 1133111331Π56521

55513 5421 8722 9413 953 1411 40015473 6222 63023 1133111351Π9711

 

