111 1111111 1111111111.

19611961119811154115811 1111111111 ΠΙ 8111 11111 marchio lp. 14111 1111111111113391149911
15911 1671 17911 17911 1111111111 ΠΙ 1531 Κ111111Π60611 1111111111991117011. Π35011
91911997119441944194411 1111111117913711 11111111119911 53711

95111 95611 95611 9741 11111111111111611 1111111111. 114141 8111111111ῐο51

97411 98111 98111 99111 1111111 111411 (1111111111110911) 111111131194711

9961 9961130813081 3971 11111111 1135811 11111111111110911 11111111111701199111. 1147311
33811 34411 34811 35511 111111111651133711. 116711 11111111 1163911 11111111 m. 191611

35811 35911 36011 3701 9911190137311414118001 1111111111119611 1111111 15511 14411 14411
38911 38911 38911 39111 111111119011. 113911139411 1111111117811 99611 33911. 14311 16811 3361 33611
39111 39311 39511 4001 39911 41911 49311 55911. Π9113011996119991131111 33811. 11943113091135811
40111 40411 40411 43111 1111571 3791143414791479150411 3981145611. 1Π 1361
44111 44511 45911 43011 11111111 l. 19901 5091156911 65811 1111111111131113951145811
46811 47511 48711 48911 [1111111111111701 1111111111. 19171 111111111111921

49111 49511 49811 50511 111111111160311 111111111115111511 111111111110011

50511 51611 53711 53811 1111111111691 111111111113841 Kerrod Π49111

54611 55611 55811 59811 11111111 Η56911 1111111(011111)1311411931 1111111111190119741971113511
60511 60611 6101 61911 111111111181115111181114711 9311* 391 391179119511 14713911137411. 1139911
619116941 1196183911 3431. 14711 1751 94711 99911 114111451114511146116411 38811 40111 40811 46311
ΙΠ 9319319311 34411. 111901 9931 94111 93911 93911 94411 94511 41940 41131 48111 59911
1111111111 1. 1138711 9911138311 4031411114151 33711 33911 34311 34511 54111 5111111. 1114411
11115111111Π611 931 48711488115101153815381 3591363138913901139611 11111111011111441
11111111111984119851199111. ΠΙ 4411 39711. 1111111190119911 Κο11111111111.11611

Π 111 3711 45011 45011 1111111161 ΠΙ 14011 3111611167116711871901 11111111131811
51311301165616711 111111194711.1161811.1119911 97111041110111311114411 1111113111. Π101

1111111111 111Π16911 4991 11111111116511. 115941 16411 17811 19911 19911 0111111 Π41111
11111111Π3781160611 111111111911311 943119451 917119481950198419881 01111111 1145911
1111111111831115411.11191 9471139911. 111111 9011 9941130913151139713561 1111111111199113151
391110911 7511959119351495145911 35911 38511 38611 41811 81111111701110811. 113591
111111111111). Π91113341 4931159411 6561. 111111 4961 4961 4971 43110111) 38311

1111111111111. 190911 1111111111149119841.114611 43114381465114671147011 1111111111Π1419911 1901111911
111111111135611.Π9971149911 39911 48811 49711 49811 50411 66811

1111111151137911 11111111181411 50411 50511 5141 5119153511 Kerungd.11669⁵
1111111111116811 11111111111148311 5401 541115541 5691156511 Kerungd·etm01124⁴2
11111111 1331* 4111 19711 1111111111 135611. 1139511 56611 5711 57111 57811 Kerungl·11450³2

13011 14711 15611 18711 50911 54511 (58911) 58511 59511 60911 1111111311 Π6501

’17311 17411 99911 93911 1111111111 1. 115971 618116991169511. 111471 Κ11111111Π110911
93911334134013431136611. 1111111111391141411 11611 111111111Π107111171147711
11111 (bis) 971199111151 1111111111 15511 8411 1091 0111111. 114631 Κ111111111111. 191811
19311996119851994113031 16311 1611131411. 1111111 11111111. Π1611 1111111151111.134111
30313091336118591138811 41511 431145911480149611 1111111 def. 1194311 Κ111111111111115. II 38511
4311431143711446145011 536153611 1156164411 1111111 m. 199111. 11111 1111111111 Π 1631 4911
463114651151311593115461 1111111111 11. ΙΠ 911 16911 16911 (511) 11111111111Π36311
648167116711. 11110311. 111111111111. 190311 1111111 med. 13031 11111111111 p. 11 1511
1111111Π914131111353115901 1111111111 117711. 1111111 11111111 111711081 Κ1111111136711. II 47511
11111111Π3961153611 99111 39911 49111 4561 111111 m. II 69311 1111111111691139311. Π9911
Κ1111111 11111 3381. 1110511 59811 1111111111 194411 4311 19711169111711134911
1671196119561 1111111111 116811 60611 1111111111137411 479114941151811
11111111111195811 11111111 1115811 1111111111 111511 (cf. Ip. 1111111111Π41511

Κ1111111 130411 1111111 139711 134 111) 1111111111 Π 5011

1111111111 135711 1111111 11971. 114001 46011 11111111149711 1111111111115311.Π35114041
0111511111 115891 11111111 181119011491117911 11111111111461446151111 530115951. 1Π371
1111111111 ΙΙΙ 10911 34311353113641. Π671 Kerpoldus 113441 Keruuig m. 19151
111115111511113611 731174111541131411 3401 1111111111 115961 1111111111Η10911

1111151131 ΙΠ 15011 - 35811 11111111141194511 1111111111 Π40011 40411
11111111 11 4011 1111111111 119511 1111111111 116161 1111111111 Π 6031 60311
1111111111 1591. Π 9111190611 1111111119531. 1131 Κ11111113115511169149441 1111111111 114561
504159611 Κ11111111389143911591115471 30111 3911. 11601 1971 1111111111 1111341111 ’
1111111111. 111411 114111191 399114091141411. 1119011 cesarius 11399133911
1111111133911. Π 97911 1111119931. 119901193111 11111111 m. 19151 99711. (1111111111111.Π611)
01111111Π11811 96319631196311 1113911 ³ 111111111143411

 

