INDEX NOMINUM.

Μ3815331130211. 013633 1138135311122134134. Π2233 Μ353111118213*

1113413313 1333 ’
Μ3811111131 Π 43513

10113 13413 15133 1614 Μ3551111167313
17314 11713 38511 3984 (Μ351111161241)

1133131131 111133 3383· 43311 4133 4113 4333 3133313111333133)

1132411 51113

Μ3811111131 1Π 6213

Meginfred 11243 16511. Π
44531

Meginfm'd 14333 1111111114
1123 1133 14533 29411 3561.
1110333 1514 21631 2754
32513 35511 42833 44241
1333 43334 33141 3133 999,
54811 563<¹¹ 6062 6115 Meglnllnd [14042 5095

Meginsfid m· 125713 257„ 1111811110 111126
1331. 1144433 1131333 1443
Μ381315111 p. 1144411

Me 'nsridus 111933 23511.
1 10911

3138143133 11111111

49613 51713 53011
Meginheri subd. 1132413

2291

51356 1164211
Mehthildis 1166613 ,

1138115111 12014 4413 531 53515111111661
5613 12614 13113 14134 Μ3111511151166613
20613. 113611 10514 1231 Μ3511511 Π 61013 67033
2201 38311* 39411 4113 Μ35115111. 116711
4313 5131 51833 53313 60711 11351151 1122331

Μ3111111 1164211

Μ3514111111 116773 67716773
Μ31831 1151813

5131331633 cl. 1113813

Μ3853311Ι 3613. [1112116213 Meinart 135813

Meinbold 128331

5138111316 11493 22413 22413 Meinbolt 17033 7333
25513 29533 3431. Π 3113 Μ311151315 1116213

1138111831 111813. 1110931 13033 1443 16713 21634 5131115318 [3201332333

1434 1333 3333
Μ381118οο5 1126733
334148343131333333333. 1133113131115433

41113 46511 5291 560162413 Meingoz 1 1823
Μ38138331119534513). 1114513 Meinhih 132314

Meinho 1 p. 13433

11343 11311131 13141 113313313113363· 1119913 Meinnold 113333

1313 1334133333341113 4113 41113 53313

1113 3113 3113 3333. 1133133113111463

1114419 Meginpurg 133913 33333
Μ3813831 eps. 111511 9198191999 9156519
1638111831 l. 115113 91θὲ1111010 1119411
Megingrim 1111914
Μ38111831111 313333 14013
Meginha-rdus m. 116491
Μ38111531133 1120033 2453

Meginharius m. 12621 58411

Meinoch 111333
51311311 ab. 12713
Meinoloh 112323
5113111311 1161511
Meinpif H 1443

Meginrat 14411 8931 10711 5131111135 1128713 2893
13133 13314 13513 1663. Μ311111113 ΙΙ 46913
111834 1053 13911 39413 11313333111Π26633
,49113 50531 5134 51833 Μ3111351111114).13431

513135 1110031

meginhart 11125 3221* 3224* 5138111131 l. 128711 29231 Meiolf 114773

334 413 3113 333 1113 1131313431 111· 111813
15411 16533 24844 2969 5138131365 HI 11113

16311501 116173
Melchisedech Π 2101

307„ 3453..)¹ 11 2241 29⁸ 5138131151110011651152213 Μ313333118733

403 444 4410 441⁸ 4522 Meginsin 1140833

1631131333 111553

5123542812624143515815 Μ38111311111Π6031564116513 1131133111113 Π26333
1614 18140 13330 19012 39911 4201 42313 46011 Melius 1115213

13131 1333113311311343 49233 30341

14331 1333 1343 1333 113313411114531163
13311 11313 3111333333 1133134111113112114
39243 39231 40313 42713 99989999 119711
43431 1343 11144 41143 1133111331111513

1131311113 mon. 1483
(Melet 1111081)
5131313533 Π 22113
51311511 1131311
Μ313111113 mon. H 5403

49134 5483 51844 53131 Meginuuarch (Meginwarch) Μ31111111138311136113. Π64913

5443 56213 58813 60711
6303. 1111573 24111

5138515844 l, 118613 Meginuuarg H 1133 2953
1138115311 m. 12111 21131 9909999199113369
22813. 114453

1 p. 84 n. 33. 11 19311 2234 Μ311131131133 H 33914

Mena Π 61513
5131153113 Π 27813
Mendelburen HI 881

Meginuuart H 21 11111 1511 Mendinc Π 49031

143814448811484, 114429 17313 18614 23713 2743 51311811115541

Meginharth 114411 3211312833
Meginhartus 113133 48913 1133131311 11 3413

313855353133313. [1330ss 11311113 1111114
53211 5138181351 1139634

5138115313 1921 29513 3553 5138133311 ΠΙ 12413
35514. 112463 2671 3251 5138133311116013
3253 43133 6163 62113 1138113131 11 6414

5131183513 118731 19211. Π843
5135111315 ΠΙ 19031
Menpret H 53633

11311115 Π 28833

51311113 Π 9243

51331113 II 63214

51311113 31. Π45633

1131335111 Π 40033

11311315 ΠΙ 1193

Μ313111111 11413

Μ315111111 Π 6013
Mercerius Π 8111

5113135311 d. Π 35033
Μ313111133 118914
Mercurius m. 121531 28213
Μ3135313 Π 6513 33933
Meredrud 1141511
Meredrut 1Π 1251 14413
1131351111 III 9834
5131351111 129124811. Π 5433

7334
Merep0t0 11 55813

Meresind 115623

5131331315 111531

5131333135 Π 29614

5131831331 Π 22513

513113 Π 2313 39433 43911

5131113113 Π 52133

51311113 Π 2313

5113115363 1125111 31533 5133

Μ3115113 11 40613

5131111135 I 293 4213 12633
1311 13813, 114053114061
40141 50113 53113 “

Merifrid 11 38633

5131181411 110113

5131181111 H 43113

3133331114413

31331133 11 ’4333

51311115 111 9611

51311583115 1161534

5131141313 II 51013 .

513113155117431. Π1763 35834

51311331 120513

Merisuind H 39131

513113531611132213

5131155311 19713*

Μ313 Π 52911

5131331131 Π 2823. 1Π 3633
6013 621 9113 1363 13611

Heroaldus benef. III 1341

5131335133 m. 111 15933

5131311131 111523

51313131 ΠΙ 1081

5131311 1633 39433. 111234
1313 6731 42933 54633

Μ313111. Π 133

1131311 p. 131131

51313131 H 4371

Mempurch H 67213

51311113. 111 2913

5131151 11 20613 33131

Mertin 11. 15913

1131111114 Π 4754

51311513 m. Π4303

Meruino Π 23213

Mese Π 10911

 

