INDEX NOMINUM.

1111011111 c. Π 46511
1111011111111. 121211 22611
1111011111 p. 111414
1111011411 :2 I 3411
1111011110 Π36114571146011 32411

46011 1111011111 subd. II 32811
3110111111 1211 2911 10811 111101111111291

1601 3861. Π3111 551 1111011111οΠ16111

37811 37911 39211 40411 1111101111 1132511

4571 51611 5391539157414 (3110111 1130911)
0110111111 ab. 112411 1111011110 15711 10711 12611
0110111111 p. 111611 13041421117313601. Π 651
1111011111 116141721135511. 1211 32311 37511 38311*

Π16411 179111991139211 38411 41111 42811 46011

1111011111 111411
1111011111] 113261
(3110111111 Π 291)

4311 4391 471114881152044. ΠΙ 1541
1111011111 p. Π 3261 1111101111 14311
1111011111 141 411 4211931 11110111),1 1148441

9411 1121 2451 24514. 1011011111 1211 551 24311 1111101111 p. 15111
1113811 14812161123411 36511. 1183112421140011 011011115114331
34314 42514 45611 45841 4951151711*5271153211 1111011111Π10411
1111011111 12526 2911 11211 111101111111Π3761ο
38811. 114111141111441 3110141111 1231 40119711* 4149 42432 42529 41141*

57311
1111011111 1111. 115261
1111011111 1. 129114 29311 42511
111111151112591. 1144411 1111411111111.1144511.1Π3011
1111011111 p. 111621 1111011111 Π 25311
1609011114 I 1339 34717, Π 7913 Ruadmuat m. I 2181
28011 29311 34617 34611 101101111112711811 14511
3871 41714 42811 46111 3091. 112111 2111 2911
4611149114

1111101110 1211 24311 3844
1111011111 Π 14111
Ruadpern 1901

1111011111 1111111111 14211 Ruadpero 11 53711

11111411 11144. 11 11144,

1111011411 Π49111
1111011110 1411 5711 9714

10811 13511 19911 3384

3110111111 Π 50614

Ruadprih 1121411

Ruadputo 1111611

1111101111 139211. 11 5011
41911

1114 41141 j anadram m. 111 144

11111ορ11111 I 341* 3911. ’1113111615 1153331

1179113871 52711 Ruadrih 130511

1111411111 111. 121011
1111101111 1138311

1201 2451 113811 4⁶²³ 111111111111111141411
21011 38911 42811 43211 14010 1482„ 13923 29724

4361 46711 49614 49911 334120¹ 113131131111444
59011 52122 52215 52642 1651 27611 33711 4034 41311

53111 42514 42911 43611 45711

81101111033411403152211. 500115081152611. ΠΙ441

11111411 1111011111 1 111

Ruadsind 11111 5611 9511
9911 10711 1271 1381413911
1421. Π 3611 7311 37511
38411* 39311* 3961140911

2461. 112123*Ι 2313 6521 47611479114891 4891495141
14811 19421 25211 32511 1111110111523115321
3351 35511 38210 36311 111101111111281127214
39111 41111 41714 4224 Ruadsujnd 18932

43011 4121 4491 4541147011 Ruadguuid 110310

46239 51930 53‘213 54428 Ruadsuuind Π25524

56137 Ruadtho m. III 291

11110111 (11110116)1311 9711* 38811 40611 41914 43411 01101111141127115015011 Ruadthffld 141⁶ 1114314841

2441124411 3531. Π311 47311 40911 50511 52111
35811 4311 52015544 58611 53611
11110111 ab. III 111 3110111111 111. 12171
11110111 m. II 1911 31101111113124411. Π18311
311011513854. Π 2511 1051 39511
21411 27411 56611 1111011110 1140311
1111011151 0. II 4714 1111011111 129611
1111101 14441 38711. 11494 11110111 nahe 50011
4581149711 3110111561. 0307114331
Ruadi m. 111114 50814
Ruadiburg Π 50841 [11110111 II 27411)
1111401111 Π 14611 1111111111 1511 1114 3141 9414
1111101111 15411 9311 11511. 954 1532 16337 24630
Π15011288114201142011 3601. Π3111 4511 12111
43911473115061 13511 14111 14211 14811
1111101111 l. 129211 ἡ 14911 17911 2161 27341
0110111113881.11521115901 27514 30914 30911 30914
311011111611.Π4321149111 37511 37611 3801 36311
,11110113 Π 3411 14411 14911
4131 4411144541

1114401118 111. 125614

53011 11110111 eps. 14111
1411011101 Π 2211 11111οο11 1. I 29311
3110111113414 0811, Π33411 11110111 m. 121011 2131

3824 38511 39011 39211 1111011111Π7413092150321

491145614941500153041 1111011111 1114. Π55911

53641. 11111411
1111011111 p. 11 40411

1111ορ11411 p. 1132611
11110111 Ι 12611. 11 14811 1111ορ111141137611
23411 23411 48814 5164 5371 Ruadpric 11 42011

511 581011110411 12314 (114)]5511, 114104e
12421 14911 16429 16924 011011101611114211. Π
17811 3041 30511 30511 3941] 4601

3081 33011 3311339134111 Ruadualdus Π 1771

34211 346134711 351135511 11110111 ΠΙ 451

36113 36217 36314 36324 Ruadunc Π10410 2371
36911 36911 3711 37111 Ruadung 1114011

37123. 11320 1011 2123 Ruaduuar Π42511

2111* 2741 3211 504 5211 1111011111 15011. II 15011
7814 7911112111141128811 23414 5221 56014

29311 3031 32511 33841 1111101111 1137511

36111 37711 37811 39811 11110111101132811

40441 40841 4081101111) 40814 1111101113 Ι 17511 3571.
4131 41441 41911 42911 111421

4311 43311 44611 45311 11110111111121111351413614
47711 48711 50611 5181 1364117911 -
51911 5201 53811 54111. 1111011111 11112131

1044 ’ 31101111Ιρ.135111

38341 33611 38811 39311 111101111οΠ1311411 111101111111114261
40411 40611 40844 42411 111101111112871129011
42411* 42441 4251 43714 Ruadpret m. 121314 21511 11111110 Π 15411 54111.
1111011311 19711. Π5814 46411 50614 51011 53011 1111011111112711

01101111514. Π1731140111 531115381154511546115571 Ruadpret subd. 111324

Ruago 135311. 1111114

ΙΗ 4311
1111111110 112514 1471 1701.

01101110113111. 113511 112501137711

4711 541 415114151141614 1111111111 1141144

46014 4691 (4831) 5181 11111111 138911 ,
5301153311. III 3511 1111111. 110411
11111111 114911. 032411
11111111 subd. 114911
11111111 Π51711*

 

