,196 ¹ ad pag. 13131111. XXXVI.

aa. 923. 13. 113331131111910-951 [14111. 14.Η311311.33. 931. 15. 81111133133333. 138. 1811311113311113980-981113.
as. Setina abb. Futd. 88. XIII. 111 utalaae partu antiquissimae 33111313 1131133313, sia noster quoque 3113139113 1111110113
131 a antiquiore exemplati, quad duabus calumnis scriptum erat et in qua bis nanu'na Fntdmsium monachorum in391ipta
erant. Piimu columna continuit nmnina aarum qui 131113 anno Bauqalli abbatis Futdae debebant, attau 131, qui 33193113
, abbate addebantur. Ambae columnae in nautium 1131311131· (3311.133.135.137.139.141.143.145147.1491130315111521)
33113113331111133313,11111111’113133 nomina 1131131313 unbereuur. 111111133311111311111311311313311331333. 133138138.
140. 1411. 1441. 1481. 1481) earum qui ultima 13311313 Eiqili abbati3 (aa. 820) recepti sunt. 11311133 1411. 1441. 1481. 1481.
1491. 1501. 1511. 1511 sub 3133331333 abbatibus apposita 3unt. — Ex nanis, 311 annalibus 1311313933 et 111 113 quae aliunde
notasunt, 113 311931311313111333 1333311331 liceat. 133411193313131985-991. ΙΙ 1331111313111313. 791, 7931810.
133,.31815131824. 13341790. 1133718033 13381794. 133,1opre3b.196.191‚=ta'1nu‘n†811?
133, 11 †314. 131111311. 133131331313. 133111313. 13313111133331313. 113111131.
133, 18111811). 803. 812, 1818. 133, 19 abb. 319-322. 133, 20 331.780-790,181111.11111831) 791. 133211823.
13311 133311. 3311331. 1311313331 131, 11 1 193. 133131 781. 133111 313. 1331111813.
133, 29 798 1830. 1333918311. 133311807. 13332111 31311800. 1133311111. 13334 (2113113111.
333 1313. 113131313. 133311131. 133131311. ,1333111331 113313133331111. 1111311.
Min), in 31131133 788. 801. 803, ad Alauinutu mittitur 302, naq. 33113133 804-822, 13113333 cum Waiuranno at Waurata
affinitate aaniunatus (3112131113, 1111113931158) 31311111311391311. 847-858. 131,4†336. 13351838. 1338
1333. 131, 1111133. 1313. 13331111131313. 131, 1311111183. Mai. 341. 1311111. 333. 111, 111313.
134,13 = 1133191318 1111111313. 131, 131313. 1131311133. ur. 331. 3131311. 131, 1131111. 331, 1313.
131, 13 11133. 1331. 131, 13 1313. 1111113311. 111, 11 1111331311. 131, 23= Wer1111321334? 134, 24
31333311133311. 133251827. 134, 28 1113338031818. 134, 17 Edalt 1113313857. 1113111311 1111311. 311.
823. 8211829. 134, 281837. 134, 291840. 131, 3011118311. 843. 13311113113331843. 1311, 32 mon. 393,
proeb. 822, 18421111. Id. Doe. 134, 33 111313.οα113111.331“.817,1832. 13311133831313. 1333311111.
113131331. 131, 31 111319 1111111. 311. 11133 1115911 1313· 11133113 1311. 1311. 111, 33 111113 aa. 311.
813. 815, 1111333. 8831131333ῑά 1838. 134, 40 mab. 844,· 1119111111 1 832. 134, 41 1133931813 0113111 presb. 332.
11311311. 3331313. 131,13133131111313;111131311 113111 333· 1111113111 1313. 131131 333.
1331111331. 131, 111333. 111, 13 1 XVI. 1131. Nou. 331. 131,.131111111331. 13131111. 1331. 131, 31
3113111133.333,11133.111.313.333,111113.31113313. 113331313. 1 133, 11333. 11331131. 1131
111131331311. 1133111831 1111131. 13331133. 13311133. 1333131311 113131131.
13311* 31111333. 133111111331113131 131, 13 1>- 3o3,†311. 133,14* btaia†333. 1331113. 131. 133.
1131313111. 133111313. 13313131131333 13313* 1113181313. 1331111131. 11313
31131131. 131, 11 1331. 133111131. 113, 13 in 31113. 311, 1311111313. 1331131 311111331133.
135,201780. 135, 27 1 783. 133131731. 1331111733. 1333017811. 135, 31 †193. 135, 32 †302
111 331. 113331 191. 13331181131311. 1133111113113831.133,133.331ι.133,1313. 1331311111.
33131133. 131, 31* 8111111113. 313. 113, 311131. 1113311313. 133,3111.313.313,1313. 11311311
13351881. 138,8Η31111311”113311.843,·1111311111877. 13371311311111851ς 11111119111844. 13381818.
138, ’9 Satanan p. 8331 11313· Antbad † presb. 344. 13310 Tuata † p. 883· Gundbald † 881. 13311 1 331.
13313 1111131 1 331,- 0111311333. 1331111131333. 13313 8111111133. 33311113311331. 13313
1311 13331. 1311111313. 133, 131311 13 331. 133, 13111111. 311. 13313 1111133313. 133, 111313.
1331111131. 1311131331. 133, 111331. 133, 131333. 133, 13111113. 331. 133111333. 1111131313.
133131333. 1311331333. 1313311331. 133318311111331. 33331313. 133,.111113131313333.
1131311113331333111331333. 1333111333. 1333181111111313111311311. 1311331333. 111, 39
11311111333333311111113331. 1311131333. 133, 111313. 133, 111311. 33131331. 33111331.
1111131313. 11313 0111181133· 0311111313. 133111313. 133, 43 † 331. 13313111. 1111113331.
1331313311. 1331113111. 133,.111333. 33311331. 13331 11113331, 1331111333. 1131, 11311.
131, 1 1331. 131, 1 1331. 131, 1 1133. 1133 presb. 3111313. 131, 31 133. 111, 11313. 13331333.
131, 31131. 131, 131133. 131, 111331. 131, 111131 nt 399. 131, 131131. 131,14 1313. 1131310111
1311. 131, 131333. 113111333. 131,13 1333. 131, 131 194. 13313111111313. 111, uuonan. 133,
†333. 131, 221800. 137, 231788. 137, 241809. 1332111785. 137, 271829. ’137,291805. 137,301787.
111, 31 1311. 131311131. 133331 139. 131,34 1113131111 1331. 111, 33† 133 111 199. 131,.131333.
111, 31 31 3311313133. 131, 33 1 311. 1113311311. 11311331. 11331331. 13311313.
1.13,31·311311.311,131113313. 13331313. 11311331. 13331333. 13311311. 133131333.
1331111113. 113, 111313. 113, 111311. 133, 111313. 133131331. 3311131113 331. 133131331.
133, 131313. 1331313113. 331 ut 331. 133, 111311. 133111311. 1331111131331. 1331111131. 331.
1331313113. 1311131333. 13311 1311. 13313 iu 31111311, 1333. 133111 311. 1333311133.
13331111311111333. 1331313111 13 331. 33311311. 133,33 1311. 138,33 1313. 133111 331.
1333313111. 1331111313. 1331111133. 13311111331111331. 13311 1313. 113131333.
133131333. 1331113111. 1331311131. 3331331. 1331313111. 1111311313. 139, 2 †303.
11311311. 13311131. 11331131. 139, 3 1 333. 13311333. 11331131. 139, 9 † 132.
133131311. 1331111311. 13311 †319. 113, 131313. 133, 111311. 133, 131313. 139, 1111131111.

 

