406

465010011 Π“6111
46111001 ΠΙ 10811
4610 11 10911
’ 4610101111 11 10811
4611106οε Π 10911
461301 1111311
4611 111411
46110115 11115411

INDEX NOMINUM.

Ι 06011 118411
46010 I 15411
4601011 Π 1861
4601011 Π 531
46014 Π 11814
4610110141οε Π 36110
46106 Ι 36110
46101601 Π 34114

461150101Π3111. (11 1411) 461011 1013400
4611501101 139111
4611501601 1 11411
461151011801
4611510111 111164
46113011119811

4611301 Ι 10110

4611111111 11 6411
46111011 1. 14111
46115011 114484

46100110 Η 11914
4610501601 11410
4610501601 10. 113511
4610501101 II 5811 15311
461050160 Π11111
4610301100 Π 19110

. 4611001611111411116439110 Adremams Π1911

4610001101 118811
4610001101 00 I 11010

460000111811119011. 118910

46111101 [Ι 61311 61311001) Adrianus m. 111111

61111

4611501101 ΙΠ 11311

46110011 11350116161161610 40101111 11 9411

65310 61311 61111 61111

461151111114610
461110 1114111
4611100601 1151
4611100601 01. 113611
46111001 05. Π 38511
46111001 6. 111111
46111106 113110
4611110 1056. Π 45610
4611101 113481
461100 1141811
41111010 Π 54311
(46110010 11 5511)
46110011 Ι 6811
46110010 115511
46111101 Π 61611
4611003 Π 39514
4610101 III 8910 8911
. 461001 111634
46100 II 11011
461010 ΠΙ 14411
461050111311
4610101 01. 113411
4610514111 1118011
(4610101 II 15411)
4111011 1114911
(4615011 Π 11141)
461101 Π 34411
461113 1114914

461001601 1181118111 18941

18944. 111114
46100160101. 111810 11811
46101601 ab. 11 3511
4610114Ιο 118311
46101101 Π 3911 4011
461006150 Π 5111 51910
461110 I 13011
461110 ΠΙ 904
41101000 II 36114
46011 Π 10911
40501 Π 11511
4060100016 Π 1941
40110601 Π 10911
4031110001 Π 11611
40311011 Π 11811
40311001 Π 1161
403100 116910 11110 49414
4031450111 Π 11814
40105011 01114
(40100101 Π 61811)
Aeneas 1110011
4003113001 Π 1181
4003110101 Π 9911
4015116οε Π 10111
4015011 011111 39311
40115 Π 1011
401001 111151
4015010100 rex 11 18111

460163101871019510. 114011 40110 Π 43311
6410 1114 881 1111 1011 410110011113511

11514 36910. 111118111301 4110 Π41110

460 0. 14611. Π5510
46001601 Π 1911
46001600 ΙΙ 1911
4605100600 113654
46010 ΙΙ 8911
4601001 ΙΙ 411 ·

4111 16911

4110 Π 3191

430 m. 11611 ’ ,
43050110 Π 18811
4305011οε Π 4111
43010 11801

4310111101 Π 10911
431015οή011 11141
430015011οε 01. 11401
43001001 Π 6154
43000 161 1431 31910 31010
3111
4300501101 Π 1691
430061001 Π 11011
4300110601 1 180
4300110601 01 114010
(43000 11 1810)
430001101 1111110
430001 Π 411 1554 15611
8430001οε 0101019039111
43010601 Π 51014
43011101 11 45314
43011001 ΙΙΙ 950 961
43014011 1111151 15011
4301110 Ι 111111. 1115144491
6130
S. Agatha virgo Π 31811.
ΠΙ p. 39519
43010010 11111
43010010 01. 113911
4351006οε Π 3681
430501101 115810
4301051101 6. 116181
43010011 11 61110 (511)
430015016οε Π 55111
430101116οε 11 19110
4311010601 119311
4300011101 Π 54111
4300600 Π 15411
430001010 10. Ι 4911
4300011001 Π 55114
430011110 Π 51941
430001 p. Ι 4614. Π 54910
430001 praepos. Π 5514
43011001 001. Π 3611
4301101 Π 11010
4330 Π 11011. Π 11111
4331111301 ΙΠ 3811
4331 Π 6164
4331060 11 11110
43101601 11 9411
43150130 ΙΙ 31110
431501101 1 1111. Η 8610
4311101101 01. 113410 1404
43151006οε11 3910 19110
4315101 Π 1110 8811
4310011 1130111
43111011 Π 19111
43150601 Ι 1001. II 5814
4311106οε d. III 1131
4311106011 p. 111 1110
4311116 Π 8010 8141
4311116011 I 1411
4311011101 111. 11361
4311016οε 11 3391
4311501111 Π 11911

4311501100 I 1310. 11 4010
4111 5810 10810

43110060 m. 119811 19811

43110060 ΠΙ 1911

43111060 m. 1 19811

4311100101 111050

4311100106 1119111

431010 Ι6410

43110060 Π1110

4311110101 11 8411

4310100130 11 56310

4310100110 Π 1111

4310100601 Ι 1841 1860 18641
19011 19041 19111 19814
11811. 11 3910 591 1910
8111 8410 910 931 944

4311000601 01. 1 11514

431001141111. ΙΠ 11611

43100 01. 119810

4310016 1119111

431ῃο1601 Ι 18810

431001601 10. 1 11011

431110 Π9811 1081. Π111611
13111

431004 Π 36611

4310 1 18911 19311 114100
11 1814 8311

4310 m. 111810

4310016011 Ι 18610 1881118911
10011. Π 1110

4310016οε10. 111011 11111

43100140 11111

43100110 Π 3011

43100110 0. 11 30110

4310011011 11811 1811018611
18141 18811 18841 18911
19111 19411. Π 5311 8311
8911 910 950 4111 44111

4310011011 01. Ι 1690 11111
1111 11911

4310100601 Π 9311

4310100601 m. 1 18110 18111

43110100 Π 1031

43100115 ΠΙ 9411

43100131 1115514

43100160 Π 18111 18314

4310511160 111831

431051000οε 115410

43106001 Π 54111

431011060 Π 18110

4310111601 Π 1611

4310110001 Π 11011

431001006οε Π 18111 19111

4310000001 01. I 4844

4310001100 II 4544

4310001101 p. 11 55111

4311501101 11 30411

4311010104 11 18111

4311001 Π 45310

4310010001 Π 3911

 

