8111111101 110511

81111011 I 2961

811111 111 441

8110 Ι 19811 1991. 11 3611
5111 (bis) 5111 781 11011

'mm

8110 archieps. H 38411

8110 eps. I 91

81101111 H 45311

8110111 Ι 1711

8110111 m. 1 23911

8110111111 H 21711

8110111111 Π 21111

811010 H 48711 48711

8501011111 Η 20111

81101011 1113111

8110101111 Π 20011

8110111111 H 10911

8501111111 H 3211

8511011111 Π 36411

8111111111 H 3911 34711

8111111111 p. Π 31011

8111111111 1121111 3681

8111111111 d. H 31011

8510110110 Π 1711

8510101111 1126311

8111ος11111 11511

811ος111111 m. I 23711

85το1111111 ΙΙ 2701

8511111 Π 29111

81111111 p. 11 34711

8111101 H 25410

8111011111 111134 1111. 8781
8111

8510501111 H 34711

8510101111 p. H 31010

Ebrohardus 1116810

8510111111 H 17011

81101011 H 16711

85101111 11311 2811 38211.
ΙΙ 17111 29110 2961 41411
52011

8111011111 ab. 1120111

8111011111 eps. 1141410

8111011111 m. 123421

8111011111 p. 111111

8111110 ΙΙ 4111

851111 841411 4141114281

Ebur 11 23311

Ebur p. 11 5651

8511101111 Ι 961

81111011 1154211

8511011111 112301

Eburesheim 111011

Eburfrid 1121811

Eburganzi Π 1721

85111101 1114211

Eburgoz 1123311

8511111111 1142811

INDEX NOMINUM.

8111111111 12011 301 971 8001013914111761111811 8110111111 1128611

17211 20611 2151 29911
30911 30911 31411 31711
3711. 1138111 5011 14211
1821 1841 2521 253112571
28411 36011 37610 38211
39311 395114111141214701*
4741 49311 4971515151511*
53111

8111111111 0. 15711

8111111111 11. 11151

8111111111 m. 121711 21711.
1113411

8511110111 Ι p. 84 1111.
111841125211

8111150111 m. 12161

8111111010 1154611

81111111 1150811

85110111115011 2011 53311

81111111 111431 16111

81111100 ΙΙ 2161

85111110 ΙΙ 27311

8111111111 1123111

8111111311 1123111

8111111 1117711

8111111111 12411

8511111011 34511

8511111011 131611

85111111 1115111

8111111111 1121411

8511111111 1138811

Ek 13971

8111111 ΙΙΙ 12911

8001 ΙΙΙ 1531

8001111101 126314

8001111111 129611

80111111 1126510

81111111 13971 ·

Eecebrug 111651

Ekkeburch 12231

81111011110130411

800151101371137111. 842711

8111105113 132011. Π 3071

8010111110 11271

8110111111 1131111

8111011111 1 36011 39410.
1117111 17411 19911 2211
3161153610

8111011111 p. 12521

8111011111 l. lp. 84n.d11

8011010111 842811

8011010111 112431

8111100111 136710

81111οε11111 1117911

8111101111 1112111

800111 115381

8001111100 1111111

80011111οο11 113981

80011511111 1111111

80081181251183751048911

11111 60111111. S. (11111 Auo. 111.

30410 39210 39211 3941.

81011111 116211

111211 2611· 3111 501 5011 8030111110 114151

5011 5211 5310 551 14911

80301111 1122311

mmmmmmm

33411 33411 35510 38311 80115111011101

49611 50111 50310 50411

mmm

52811 53811 55811 56511 80311111112121144911

59411. 111171
800110 m. 111 341 3414
800110 p. 112211
8011111111 1571
80111111 11641
1111111111 1142011
8111111111 ΙΙ 17811
8111111101 123111
8111115110 11 4971
8011111110 1130211
8011111113 H 2511
Ekkiburg H 25911 38911
8011151110 112711
8111110101] 1152311
8011110011 12611
81111111οο11 1141511
8111111005 m. 12041
8011111001 1 p. 1341111
8111111111 12321
8011111111 12811 441 5115110

11511 1801 2491 39011.

1117211 24711 24711 2551

25611 27411 27411 38411

39011 40711 4271 4391
8111111111 m. 125911 25911
8011111011 H 20611
8011111 Η 21911
8111110111 117411
8011110111 H 28811
8001111111 1140711
8111111011 H 45511
Ekkipaldus m. Π 33511
8111111101 1114111
8001111110 ΙΙ 56511
8011111110 11911
80111111 H 251
80110 13810
8000 (811110) Ι 14511 14511.

821411 22111 3591141811.

1111511
8000 l. 86571
8000 m. IH 3411
81111011 (800011) 136611. 11

193114770
8111101111. 125811. 1144311
81111011 1116911 1711121811
8111101111 821811
8011111111 H 46711
80110111 1151411
81011111 134711
8110111111 7811 12610. 1123711
80011 1160711 62311

Eegirich 110111
(8011150111 1125710)
8011111110 117411

‚Emm

80111111 1155911
8011111111 1311 9811
8011150111 1120511
8011111 1164611
8011111 ma. 129811
Echinia 11561
8011110111 11561
80110 13751. 1128411 40711
41711 41911 43511
8011011 1140511
80101111 1119211
8111111 11525111
81111110 H 34811 5211
1111111113 Π 51511
81111111 1244113831. 112411
3921 40311 4091144111
81111010 ΙΙ 21011
8011110111 1110011
81110111 1120611
81111011 Π 5571
8111111111 Ι 377 n.
8111111 111511
1011111111 Ι 11511
8111111011 ΙΙ 39111
800 1111531
8011011 1133810
8111110111 13371
8011101 1111411
81111111] 132111
80111111 1142211
8111111111 132211
8011 H 35511
8111111111 132310
801011 130511
811 H 18211
8111011111 m. 1111111
81111ος1 ΠΙ 7511
81111100 ΠΙ 12211
8111111011 ΠΙ 13011 13211
8111111111 H 11011
81110 eps. 11141 1881
8110150110 1128211
Μὼ8ὣ1
81013111 11 36711
8111811111 1145011
8110111010 112111
81101113 11 841
8110111111 H 36711

55

 

