38233 39233 39833 39933

40333 40633 4493 46033

, 471350443 51735233 5293*
55043 55533 5793 5903.
ΠΙ 134

13335331 l. 12913

13335341 43. I 2023

1443445331 p. 12893. 111534
3284

1333543315 114413

13335333 114743 17033

1333533115033 8334. Π16243
20333 2153 38934 39333

13335331 m. 120243

13335111 111543

13331315 1121543*

13331313 1121234

13333381160333

1344443341 12833 3233 4133

1333313153 111543

13333331511144

13333335 1113433

1333343511263. Π82634143ο
5103

133333351 m. 12283

13333331115043 15533 16133
3173 3543 35734. 1141943
51833 53033

13333331 m. 12153 25633 25033
25833

133333315 113923

1344333153 1127434

1333331114403

13333135 110133. 114634
4714 53733

13344415 13843. 112024 25644
22733 41043 48933 5083
54533

1333333 3. Π 31034

131433 1137233

13333533833 11 7534

1334353351 1121734

1334353315 1121733

1333533133 Η 29534 20043

1333331Π13033

1333531833 1144833

1334414318 Π 56544

13333331131633

13338333 131634

13338338 111 4333

13331318 1123834 33633

13335331 II 27043 33633

leger (leger) Π11133 1743
50933

1353381153333

Isibolt 1125133

1313531 Π 2173

1313111Π31133

luigo 1141033 41643

13135338331. ΠΙ 743

INDEX NOMINUM.

Isimbrannus 3. Π 54933
1313531833 43. I 23334
1313144431 Π 22033
1313533133 Π 22533
13135318 Π 3274

” 1313143351 Π 56834

13135331 1111033

1314414333 Π 5533

13131433 Π 5483 5483

13133313 11703

13133313 Π19933

1313333 Π518444

13133331 Π 48133

1313333833 43. 123833

1313333 118033

131333143130943

13135331 118343

13135333 115943. Π 24733
25433

13133333 Π 10333

13133 Π 1033

1313311 131233

131331313113433

13133331 1310344

1313333113 Π 16443

1313315 11 5471

1343331Π3934

134333129633

13333833 43. 126033

133351 1161333

133 (133) 115543 1944347143
48433 56234 566344

133 m. 1113143

leobardus 113333

1331111036344

13011 ΙΙ 1133

133331 1115234 81133

Israhel 130043. Π113

13333 Π48944

113 11943 5333 7033 11333
11433 11933 14533 15734
1903 38943. Π 113 21133
2054 27143 28743 2953 36833
42933 4393 45043 52643
56734 56934 62633 63343
66833 67643. 111 283 493
4934 9333 1103 135314843

1131. 1167143. Π115833

11335ο 1110534

1131133 1111333 1343

11311333 11 003 40433 6283.
1Π12634

Italicus 8 3. ΠΙ 15933

1133351 I p. 134 833

113333117633

Ι133331Π52633

Metius 120033

11330313 1162844

neuburg 11 02333

1144344331 11 20733

11331311 Π 0043
11331138 Π 55343
1133331 1160333
115333 Π 11433
115331 Π 38833 51143
11114313 11 12133
11131313 111214
1113 11363
11135318 Π 36544
1113113331 17033 17733
1113144438 I 33134. ,Π 16413
24943 25134
11133331 11 4203
1113344335 1148134
1113344333 Π 47043
(11133335 Π 48134)
1113331 1101333
1144 13923. 11503
Mme
Itoni 11 81634 -
1113 111443. 1Π83

’ 1113 1Π12734 1473

1113131 1100543
11414113 116773
13513333 ΠΙ 1353
138 Η 25043

· 1383313153346243853433143.

1151333 5913 59133 59134
67144 (bis) 67133 07133

ludente, 1. 116543

138315 reg. ΠΙ 84

13818 1152043

138151 Π 23734

134113 1130933

1381383 1124343

13814313 1743. 112683 51333.
ΙΙΙ 283

13813113 1161933

ludit Ι 72431304 1333 37134.
1124233 30933

138113 (1418113) 12003 32933.

469

Iulianus (I 18943) (19043).
11 633 30333 47833 4883
56233

1311333331. 11 45534

13113333 333. II 4563

1311333343. 16733 723 27834
27943 28233 ’

13113333 3. III 593 ·

Iulius 120033. Π 3653442243

13131160743 .

1343353343 1 25333 37433. ’
Π 123 2034 273 49933

1333543334 3. 111444 ,

13334333 125744. 11 13543
3673443334)

13334333 8. II 44443

1443333443 34. Π 32533

13333115323

13443311 Π40433

13333343 129644. Π 1803
24533 41433 46733 491344
43533 59543

13333343 34. 121433

144333331Π41433

1333333331 Π 49933

13333333 111143. Π1344
52833

Iungolf111212

Iungolfm.1259³o. Π44433

1443333434 11 7233

1443331333 Π 2023

1333311443 Π 29533 85433

1335333313154

1331 Π2743

(1331333 119934)

Iuninger 11 3334

144313 11 30844

14433313 1 3. 134 8 33

133 118634) 19443. 11 3943
35733 45333

1408131 Π6533 ⁸

Π784326332664 295347933 13313 Π 25433

49833 56733 6143

ludite Η10943

138115 12223 37443 37433
384334. 111073 2593

Iudith imp. 1 223

Iudith reg. Π3833

1381153 433334

138111312764436844. 1113143
29834

1383111913)

138331833 subd. 3143. Π6283

1381316043

1341443144 ΠΙ 503

13333313574

131311112733

Iulia 111 12934

1441133 Π 21633

Iuliana 115943. 1Π12343

13313 1116144 12043

133113333 Π 183 7934 8343

13311313333 I 1933 Π 6833
0333. 1Π5733 913

lastinianus 31. 1Π 13633

13311333 118743. Π413 20134
2363. ΠΙ 12244 1473

13311333 8. 111 713

Iustinus 333. Π 30143

13311333 43. I 2693

1331311433 333. 12104

13313533133 Π 31833

1331310 Π 27444

1331441133 333. 11 1774

Iustus 11 603 823 30133 30834
3483 4213 4344347634

S. Iustus H 8664

luta 11 58033 62634

 

