INDEX NOMINUM.

S. 1011100 III p. 39511
1· 1000111011
(10051005 11 22111)

1001101 III 19410 . 1005111 119511
100501 ΠΙ 10110 S. 1000 ΠΙ p. 39511
10005 12110 8810. Π9300 10100101142110

9810 11210 14310 25510 10101 lp. 1341111

30610 3820 38511404141811 101011 1141111

43611 48211 48110 52110 8101010000111039510039610

53111 10100500 1121311
10005 comps. 1460. 11 5491 lerogo 1121810
10005 l. 12860 1010011000 Π 21810 4990
10005 00511. 128310 8. 10100000 1Π p. 39510
Iacobus 13611 1851 18611. 1000000011311

Π 931 3581 11000000 m. 12351
81000500 apost. 111 p. 3951 10100 Π 3241
S. 1000501 ΠΙ p. 3961. 01 1010101 11 45911
1001011001111041 10100011 Π2251
1001010 ΠΙ 12010 1010 1141600
10010100 11 6410 Igeram 1120401
10010100 d. 11210 Igger 1136311
Ianuaria 100. 12910 (13100 Π 39110)
(Ianuarias 119011)
10000000 13611 1901119201,

11 5611 8010 8110 91139801
Ianuarius m. 121510
S. 1000011οε 0010110100
10101100 II 20511
Ibirin 111411 21210
150112210. Π14410 3650
Ibrug Π 421
Ibruhc 1138111
15015010 Π 61610
15010 111401
lburg 1100011
150100 11451 1191

1 1110011

Iglya 1111100
13001100 II 2201
11011100 1121110
Ignotus 1111001
Igo 1321
150 1113110
Ihelingen Π 6141
11150 111501
1511151111 118000
(1111115111 118010)
1110 II 42421* (510)
1110500 133010
1101105 11010
115100 Π 5180 5180
15010011 Π 43300
10110 11 50311 52110 5431
1050 116501. Π 3221138210
384111 45110
101011 Ι p. 1341110
1110131911 32010. Π 3211
13110
15050105 11131
11101030 1530

Ilbogo 1119801 48310 51111

1151001 Π 41410

1150001111610 15211 49100

Ilbung 1135310 53110

115015 ΠΙ 1811

1100501600 Π 44811

1111050111οε 01. 113111

“ Ildeberga 1131100
1160501100 119011

(111110501ςο 11 31110)
111100 110001

Πο10 11 5301

111110 I 11211

110 Π 3111 3101 5811
fflmssffi
Ilpoge Π 41411
Ilpogo 11 41911
1111100110 11 30110
11ρο00 Π 11910
1111101100 113411
11105101 1 2891
11111011 16911
1115511111 ΠΙ 191
11115011 111 140
11650115 111 111110
1111151001 I 10211
Π1111011 1 11310
11115111 12601

utini 131111

3520 361οι. 11 2111 352
5111911 10410 1201112101
14410 16401 1911120901
21911 22610 24310 25611
29310 31300 31500 33611
33811 3551 3551 3551136110
38111* 39201 39111 39811
39810 3990 40111 4080 41811
40910 41111 42210 42210
42201 42400 42510 42501
4331433043814381145510
45801 46011 4111041111
4181 48111 48211 48111
40800 5101 51900 52111
52310 52900 53210 5351
53511 54110 55511 6061
61810 61811 6191 6510
1111145110311600

Imma abbat. Π 5230

1 101010 ma. 11 61

Ima I 1621 2381 3391. II 32316 ! Immat Π 19201

1100050 1111111

10100000 125310 35211

(101050 ΙΠ 1111)

1001001100 118910

1010111011υο 111. 121910

1100111000 Π 56310

101000111οε 119000

1100001000 10. 12110

1100010001 11631

10101011960. 113151131511

1100150 113151

11031000 1121901

1101050 Π26110

1101011111 : Ι 980

1011050 I 23113211 1110131111
38110. 11551 39800 43511
41410 4951 50410 55510
55500 ,

11010110 100. 1990

1101110001140611. Π41311

huila 1132100

Imildrudh 1111011

11011105 1136910

Ι10110011ςο 113180

1100100 Π2250

1010101 1162410

10101100 14011 10011 13911
1139110. ΠΙ240

10101100 01. Π 811

110100 11210 311410 5510 9311
93101801130803401038010
Π 2001 2111 220 221 2210·
3911 4300 461 540 5511 11311
131101330 1430 1490115211
1150 11801 21311 21411
2340 23811 (510) 2401024161
30011 31301 34810 38511
3901139110 39410 39103991
4010 40101 41110 41200 4151
41611 42410 42410 4261
43311 43910 4420 45511
40910 41101 4941 5011*
50110 51910 52110 54611
54601 58111 59411 {M
6121061610 6261. ΠΙ 15510

1100101. 12920 2920

110010 01. 12111

1100010100118411. Π9211

10015100 Π 12111
Idalgaudus Π 35110
Iddofrede Π 26000
111ορ1000 1143110
1111101100 p. 11 5511
1110 Π 16010

111000 Π 2801
Idouino Π 28211
11101000 Π 2630
leotadus 1881
leotadus l. 128511
10010100 Π 5110
1011000 Π 28210 2921
1011011 Π 33611
1015000111 Π 56110

1111050111 122400
1100301100 118601
1100301100 p. 31010
01100οἰ00 I 19201 (01. 1 p. 134
11 10)
Ildepaldus 118811
1111ορ01100 11650 18900
1100001100 10. 12800
(1111001000 Π 43110)
11601000 1130010
1111150111 01. 121810
1111010011 p. 14811
11111011 1155110
11503011 16011
11100011 Π 11

10101011 Π 20001
Immoni Π 11210

1101111000 1119211
1011111015 11110411
1101οο112640 1010100 Π39200
110110 Ι 14010. 111881124410. 1100 Π 19611 2431
ΠΙ 501 1010 m. 122611
Imizi 1160610 , 110ρί111000 11114400
101110 Π 4911 1111111000 119611
1101001210 2311 3110430014ιο lmuihc ΠΙ 35033
9510 1001010101110112210 101001 11 36510
125101311 13500149114911 1100010511530. 1111011 1170
15210 15410 1511 15111 1005111100 eps. 1138421
16011 1620 16411 17419 Inchardus Π 3oe9
11400 11411 11511 11101 Inda 1156412

1191 1190 18001800018011 10110 114611 3091148910
3000 32610 33501 34511 10110011111341110

 

