INDEX NOMINUM.

81111 814211
811111 82211

8111 137311
8111111111 d. 111111.

8111182171

81111 833911
88111111 1131010
811111 137611

81111 815011 15011
81111 18 771 1111
811184201

81111 111111
811113251136711. 8741
81111111814411

81113111 11571 17211
81111111 mou

Bilesuith 1111411
81111111117611. 1153611
Bilidrud I 15611 17811.

8116111111 m. 14911

81111111 1421*

81111111 I p. 134111

811111112411. 8 40314 41111
42411 4241146711

81661111 H 1481 1981124611
42511

81111111 8 56911

Blidgoer 13761

Blidgun'us 11 20114 31711

81163111 8 38011

8116311815111 1611 44511

Blidgerus 11 9811

8111111111 8 42511

81161111 1152311

Blidolf Π 2211 15111 21811

81111111 8 50911

81111111 II 61811

8111111111 82881

Blidrod 1 3251 34111

81111161 847111

Bligeld 11 6761

8111111111 1571

8111311111 Π 54211

8111111111 18 6511

8111111111 8 31311

81111111 Π 2621

8111111111 81811

Π 27011 27111
Bilidrudis obl. 8 84
8111111011 137711
81111111 135911
Biligordis 111. 8611
81113111 I 1741. Π 40511
42241 51511
Biligis 11111
Biligis p. 11 m. 84241
Bilihild 11 42211
81111111 87411 4131
Billiug 826311 42211
8111111 818111
Bilongus 141111
811111 8 45214
81111111 p. H 5521
8111111 8 411. 81 901
8111111111 115111
81111111 Π 52011
Birigo II 38741
811111 Π 40011 42414
811111111 1321. 8 4811 81111 82181
81111 115211 1531. 8 50841 Bobbo 818111 18414
51514 64911 81111111 11114411
8111111 8 23414 811111 85271
Bima 83091 Βο111ο 841411
81111111 18911 8111111 1704
8111111 81 14511 Bobium 1 p. 14211
Bisingen 1111111 67611 81111111 subd. 11 55011
Bisingiu 11114111411141 81511111 d. 14611
8111 136814. 82734 55611 81111111 m. 14911
81111111 fem. 111 3811
81111111 p. 111114
8111111111 834711 817114 29311
81161111 837311 81511111132411
811111 118711 18911 1991. Boboui 111111
81911 8111111810411
811111 mo. 127411 811111 111111
811111111111 867311 816111 p. Π 44311
Bloudmundi 817214 8111111111 813611
81111111 87711 81811111817011
8111111 Π 4081 , 81111111 Π 28911
8111111111 82101
8111311111 11411
8111181111 m. 123511

Bludheri 11 21511
81111 822511

8111111541. 81511 17311
53711

8111 Π 21011 26914 32911
8151111111 118414 27411.

Ι Bodp 82411 2621 27011

, 5111111181

81111118 818111 1841125211 81111 812911

419

Bogrut 810211 Boron 129411. 853811 58811
81111 185111 12911 81111111 819211
8111 816714. ΙΠ 2411 Boron 11 22311
8111111111116611 Borgolduu 11131
8111110911. Π1 6311 911 81111161 81611

10211 8111114111 Π 29711
Boua ma. 12991 81111111 8 251
8111131830611 “ 8111111111 85311
81111111 Π 7311
811111 14511
811111118211. 8891

8111111 1811811

81118261112911 27011 34711
· 36811 6341. 8114311

8111 ob. 86511

(8111 Π 6341)

811411 810911

811111 18 441

8111 Π 39211

81111 866511

8113111111 81 8811

81111111 III 541

Bragdingus Π 27011

81111311 812911

8111111111 87311

Brouciugo Π 6811

8111111111 8 93911

Bruudoiuo 11 26111

8111111 83491

8111118111211. 84381

8111111611 Π 35411

81111111 842411

81111 12551

81111111 84411

8111111111. 126011

81111111 11311. 812811

8111111111. 123411

8111111111 8 36811
811111 867511
Boudi Π 6561
Bondo 111111
8111111111 8 8611
8111111111 11951
8111111111 824111
8111111111 8 2211
8111311111111 84111
81111111 118811
81111111 m. I 27214
8111111 (1. Π 3101
8111111111 Π 39314
811111111 ab. 82501
8111111111 817414 5941
8111111111 p. Π 34711
S. 8111111111 1 22511 8981.
11 5014 1321
Bonifatius 12214. 8 581
Bouiproudo 11 30611
8111111161 Π 30011
Bouiprandus Π 5811
8111111111 8 6811
811111 862811 811111 125511
811111 88911 81131111 13261*
Bouizo p. 865111651116521 8. Brigidio 111 p. 3951. 11
6521 8111111311 13471.
81111 d. 14641. Π 54911 Brixia ΠΙ 4211

· 811116413681.ἸΠ4011391 81111111118112511

8111 (1. ΠΙ 1211
81111111 Π 8211

8111111111 81061

8111113671 3681. 810911

8111118187111 13411 14911 42211 42211

8111111611 88011 6681 811091

811111111181111861119011 Brun archieps. 85691
19511 19711 19911 20011 Brun c. 839811

20111. 87918011 8014 8111 Brun m· 11211
894 81111111 132511

8111111111 m. 127111 2724 3111511811 I 11214. Π 15011
27511 81111111 1 4811. Π 26011.

Bonosus 118611. 8 8111 9211 ΠΙ 44¹²

81111 Π 6344 8111111111 Π 21514

8111111111 Π 8611 Bruuig Π 5221. 111 14411

8111114511 20111. Π5811 8111113181 9411
7714 29711297113921146811 (Bruuigun 111 14811)

52811
81111 p. 1451
81111111 84771

Bruuiu 1 p. 134 o 11
8111111 8731 731178114701

52311 59211
81111111 l. 181

81111111 843411 · -
58⁸

Boppo 111111

 

