INDEX NOMINUM.

22333 22331 26233 2663 [16066531Π14430 113130133114641

27333 28110 29913 31133 6636653613611366113663) 1131611131114643
34213723380333923342233 11911 1913. 1126731 45013 wfflfflher H 1342)ss

42833 46213 4713 4743 48833 1136653633 35. lp. 14233 1111111111 16811 1111111 8111
4973 53511 53633 58713 113665361333511. 11111113 1111111111311 1311111111
58930 62333 6333. 1113733 1336611311 (0336611311) I 1111111111 111 11111
[1336336 Π 55833 3723 37210. 11243οΙ2013 “ ,
6ΜΜΜΜΜ166ΜΜΜΜΜΜΜΜ1
16133. 1118432523
[1636353111 16. 121433
1133665311 Π 5231

5231152833
111111111111111111 Ι 31411 1328 11111 (bis) 3043321133.
mmmummmwmmffimmm-fflffl
06366531133(11366531133) 665313) 17031 861 1961 11111111111111141· 11110111

1123533 31613 38433 66411 20233 33713 33731 3623 3723 1111111111 11141111
3723. 11 2333 2931 3233 1113311111111
3531 3633 7511 7511 873 921 1131663 18531
12311 12933 21333 22111 63310111115013 39033 39231
22310 24733 24733 25130 50413, 1111553
2611 26633 3153 31511 3873 11331011 m. 121031
42131 42333 4383 46413 5023 0631363663 1148233
5213 5851 5873 5913159111 [1331163111 Π 16133
uuus. 60613 61113 61133 1131316163 Π67413
1636651351 Π 11131 18213 62716433 6533 6561 66831 1131153663 ΙΙΙ 5413

18411 67530. 1114930 Uuerting 1113631
1636651351 m. 121813 1136653133. Π 12930 6593 Uuerulfus 118731
[16366513111193. 1149433 [73363536 12333. II 2630 1631611661126613
0336651351 p. 112231 21333 21431 38631 41113 6633613611126513
1133665131 (1133665301) I ' 42710 4553 45631 48833 113331131151125413

4833 14513 25333. 111093 51733 5303 1336111333

6783 ⁷

Uueriubold (1636650111) 11

,mmmmm
35933 37933 42733 43233
47411 49831 54833 56133
5643161131

1133665011 17231

1163635031 1 p. 135 i 33

14813 20611 26633 2753 113665313312013
27933 36633 33833 47533 1136653133 p. 1116913
50613 60231
1363665131 16. 1113311

1331113631 II 6153
[160113 Π 5073
[163666163116.1144433 133111([133111,1113111)115113
1336113311 1 p. 135131 39313 39331. Π 9013 5033
[16363513151156030 [133660 (163630) 112013 5311 34933 57333
[1636351531 ΙΙ 18333 3873 41531 48310 52933 11331116 (1331116) 1117230
[1336351311 11003. 11 1133 54733 5883 27433
[1636651353 H 4203 163660 1.(113660) 111883 1133131111 1105036
[13366561351142913 3643. ΙΠ 113 163331 1159133 61411
1163635618 (1133665318) 1 03366011631118733 116361(113311)18233.Π66313.
3211132111 32131 3223 3243. 03366011 11431 49131 ΙΠ 761
[1336313311 19630. Π 10031 qufi Π47733
[13363331151114733 (16501353633 111 10913)
Uuerinpold II 4553 5041 131611353161 11 46010
Uueriupreht (1636616051) Ι vni 139430

Π 6130 1103 42533
[1636653150 Π 32133
[1336353133 114221
[1336656133 Ι p. 185133
1163631311 112013 371543112433129613523 1313132013
16363030112553 41533 52833. ΠΙ4433 1131311161(16131361)118013.
1163661131 112433. II 47011 1133631631(163661631)1283 1141913 47233 48913 4941
Uuerincoz 1149410 503 3363. 1130210 44213 4943
1336611335 ’113133 1336313131 m. Ι 2153
1136311131 Π 67131 Uuerinpreth 11 4311 5203
16363313151159113 163631311122033
1133633 (1163663, 1113663) 1336633115131933

ΙΠ203 213 473 843 163661 Π1813 38213 48611 52733
[1336316633 Π10233 1336330 1156833 1161311611 114983
1336113311 1133333 26611 Uueripert 1114311 [1313131 1152013
Vneringer Π3523 [13361 (13361) 1145666566 [131311116030
13366313 (113366ςί13) 11033 11316 Π62633 (3315 1115131

1033. 1152133 . 1331331133 III 1103 116153 Π29213
Uueringoz (Vueringoz) 11 1331113633 m. 12613 11153111Π22413

13933 14131 44131 1113135610 15333 Uuibbo 11 5593

1131315131 112063

1131315131 m. 15933

Uuiuldrud (Vuialdrud) 1273
17211 17831. II 7333 3751

29943 311111 441111 52¹3 Uuernhere(Weruhere,Vuern-

527

[16153131 (63150611, 13153-
131) 1 12533 36633. 11513
20833 39913

11153131 1. 1165430

[1653131 1301. 139010

1131531351 112323

(13151135 114130)

1115013113 Ι 1313810

1115010 Π 64513

here) 1 711 6033 6230 7031 [1111111111 1159111..

[1315131Π1831

[1315131 115183

Uuibrux 113333

Vuibvlich 114533

Vuic 116753

1161031131 111 1530

[1613361 1149131

[1311131113 1119833

[13111311 (Uuikart, 1163311)
115333. ΙΙ 11413 11430
45510* 45513* 456331. 111
14511

13113115 ΠΙ 1493

1131353111 11281

[1313531163 1116731 34430

[13135011 11 42213

[1613501 Π 51413

1131131631 Π 14433

1131303611731

[1310113663 1131713

1161311311 1142931

[13131131 117833 .

Wickiuguu Π 6643

Vuicco Π 413 12410

Uuiedrud115011

[1611131 (1311101) {I 40310
41213 6211

Uuicfred urchiepu. 115303

[13101611 (13131611) 11 1293
2261 2751338513 55530

[1610161163 II 2361113173 31731

[1631311126. ΙΙ 40933 55711

Uuicger 1. 128533

[131033113114433

[13135311 1131333 39031 49833

1613113116 114213 44933

vuichardus 11593 37033

[1313531133 ab. Π3853

vuichardus m. 126033

11310536 1121833

1131311311 (16135311, Wi-
chart) 13313 12233 16913
(17113) 17213 17413 29611
3263* 36331. 1167310833
12633 1731 18633 18933
10333 22033 2283 25513
2741 32013 32231 3403 35513
3873 387113923398113991
39933 40911 40933 4133
42331 42733 43531 4803

 

