f 1.
INDEX NOMINUM.

Abbon 1126611 15111111 Ι 1311 4111 4111, 1111151111 136111. 1133111
Α· 111111 1111111 1111111 11111 11111 11111 11111111 subd. 11111
Aaron 134115011. 11211 1151111 1148511 5521155211 · (1111151113 1141411)
2011*21131111081124111 (45111251) 1111111111 d. 1144311 5461 (1111151111 18911)
28311 36111 31811 38611 (15131161148111) 1151111111. 12341125811 Adaburg 1119111
38611 41911 48911 5421 1511112841 Absind 116511 1111151111Η5411
542115881 Abel 119311. 111911 52111 1511111111111 1161113681
Aaron m. 1491 491 2601 55211 Abundantius 11411 41113111 1114111
1111111111 1111611 11511111. 1485. 1. 1511111111 1111111 1111113111142311
1111111111 111151 1151111111 1153911 1511111111 1101. II 3641 Αᾰ13111111111111381
Aahx 114051152311 1151111111 14511 9511 10311 11511111111111. 123111 111111111131111115.113531
15118211* 1201 12511251 1291 1321 13611 14011 Aburg 111101 Adahalm 1125211
13111 14111 1131 11511 33811. 1131 9611 15611 1111111111 113661 1111111111 12611
30611 35911 3141. II 31 19911 28011 28011 42511 1115116111 1128211 (161511141011)
1411 (511) 18311 22211 22111 (15111111 1133811) 1115111111 112881 Adaho 115111
22111 24311 25111 33211 1511111111 ma. 11611 1151111111401120811 2101 ,41111 1261 3111 36110311
,39611 4081 42011 42211 1151111111 1124111 2821136811. [1111811 14511 2551 32111 38911.
43811498115401545115541 Abezi 1121011 Acco 1121911 Π261190190111051111411
6541. ΠΙ 81 1611 5111 (661) 1511111516011 14111115 1113311 11411 15411 22511 22611
141 (Abgoz 1111111) 1411111111 111111 22811261133611336113161
1151Π59115911 (1511111 111491) 111111 Π66811 31911 45511 45111 41011
1151, 1120511 20111 Abi 1114411 11111111Η26211 48211 49611 50811 51211
Α51111111. 1161111 Abili 1161111 (11111511 116341) 51611 51911 5231 51111
1451111111 1121011 33911 Abilo 11 34511 1111116111 11341134111 58911 60211 62511 66011
1151111111 1961 13111 11911 (1151111 ΙΙ 53111) 1115111111 ΠΙ 6511 1111111311
18011. Π40011495115051 15111151110211 1151111111 Π30811 1111111 1931 12811 13411.
(111111114001) 11111111 1111111111. 11111 1111111111 n 11111 1111 11111 11111
1511111111 1143811 1541148811 1411111Π511 2651 21011 21211 35311
115111 1211114811. 1111111 Abirhit 1145727 111111114511.Π6411.1Π10211 38411 39511 42211 44211
(28011) 3631145011 (63211) Abo Ι 3119 4420 1501„ 253⁷ Acilius 112881 624164911
Abba eps. 1128511 374¹ Η 14⁴1 99³² 105l 1111111111111 Π 1511 63111131112181
11111111 1111111 1651', 2722ss 315„ 315„ 1111111 1111111 1111111111 1111. 1111111
11111101 1152912 11111111111111111111111 1111111111 4111111111- ¹240¹⁴
11551111 116011 47333 48120. [Π 14„ (bis) 1111111111123911 1161111111 1133911
11551 Π3211 20³ 1111 Π29511 1111111611 11 15511 33911.
11551118451119111133311 gbo Πρω) AGON (11141111) Π21111 1119311
Abbigin 1111011 Abolenus d 11310,⁵ 141111 Η 36011 1111111111 11. 14111
1111111111 11111 · “ 1111111111 11111111111111
111111 1111111 Ab⁰¹f Π 2¹³²⁴ Actemerus 1111111 1111111 111111. 111111.
11111 111111. 1111111 11111 (1111 117934) 1111111111111111. 111111 11111111
11111 11111 1111 1111 1110 111⁶¹³⁰ 11111 11111 11111 11111 11111111. 11111
11111 1111111515 1111111111 11111111 1111111
1155111. 1124511 Abraham 1115113331. Π Adam 1111612 Adalaugz 1111911 1911
11551111126111 11611 13411 13514 31611 111511111114111 11111151111Η151111841133911Ι
1455111111 114111 *26314 270³ 3581« (Adnboro 118111 56911

14115111 1144111 1451111111 113181 mmai 11111
1111111 11111111. S. (11111 Aue. ru. 61

 

