474

Ι1111111111111 111111

5301153311

1111111111 Π 35511 48611

Ι111111111116711 38311 3371
33713681139311. Π3911
3331 33311 337111 33711
37511 3371 3531137314891
57111 59111 66811 6691
6711. [Π4911

1111111111 ab. 1138511

(1111111111 138811

1111111111 13111 1031 10511
10511. Π3111 991 14411
14911* 35511 33111 46511
47011 4941 5661115731

1111111111 c. Π 38811 4661

1111111111 p. 11171. Π1511

1111111111 Π 19111 39811

1111111111 Π 53311

1111111111 I (11341111

11111111111 dux 111111

1111181111 ΠΙ 150111

1111111111 Π 4691

1111111111 188118811 1331 1401.
Π 101 30311 38711 4611
4971

Liuthpaldus ΠΙ 4111

1111111113] 1111031

Linthpreht Π 3011 37811

1111111111 Π 4001

1111111111 ΠΙ 3511

Liuthtarth ΠΙ 10311

1111111111 ΙΙ 4411

1111113111 Π 10711

11111111 Π 40811

11111111 Π 4051 53311

11111111 11401111

1111111119111 9111981116311
3331. Π34511 3841411111
46311

11111111 l. 139011

Liuting Π 30811

11111111 Ι 101 3611* 4511 37 711
3801. Π4311 19311 3761
38811 43411 43311 55911

11111111 1118811

1111111111 Π 63311

1111111111 Ι1701. Π 39911
49911

1111111111 d. Π 33111

1111111111 1119411

1111111111 13511

1111111111 II 36511

1111111111 Π 3551 49411

1111111111 93113901. 1141011

11111111 l. Ι39311

1111111111 111Π1911

1111111111 11 151113531135511
37611 43111 5141151811

1111111111 Π 58311
[1111111111 I p. 1341111. Π31”1511 1111111111 I 3391

1111111111 ΙΙΙ 781

INDEX NOMINUM.

11110111 113171 1111111111 1. 1144911 45011
11111111111341111 5111111111. Ι30331 31611
1111111111 111111 1111111111 111111. 1111111 11111 ’
1111111111 Π 53011 53311 1111111111 subd. 11151
111111 1 1111 1311 351 331* 1111111111 138011 1111111151441541. 1116311
5111113111151149115411 11111111111111113711 3831* 43711 43311 49411
15711 15711 1671 16711 1111111111111114111 4971 5031 55511 64911
1701 30611 34311 35411 1111111111 1116011 ΙΠ3711431
363111 36311 (3931) 30111 [111111111119911 1041113711 1111111111 vicar. Π49811
3411139311. 113111 48111 14311 1111111111 Π 6001
501164111311 1131113111 1111111111 1851 1111111111 14111 9511 13611
1371116911731189113171 1111111111 19611183138911. 1331 13611 1381 14811.
33111 37511 31911 33911 11581135913931 Π13111 31111 336113111
3731 38911 39411* 4111 1111111111 eps. 11111 313115131153311
43811 4491 46011 47011 111111111111. 111191 111111111111139111571.Π1311
49011538113111537133911 [1111111111 11. 138311 1111111113 Π 41811
55911 5731. ΠΙ 161 6311 11111111111111111 1111111111 ΠΙ 371
8111 8111 9411 (Liutphirh ΙΙ 10311) Liutpruch 1141011
Liuto 1. 1611 Liutpirga 11411 Liutprug Π 34111
111111 111. 1113411 1111111111 13911 971 13011 1111111111Ι361113811.Π37911
111111 p. 113011130911 14111 14111 6131
1111111 subd. 11181 1111111111 1105131111) 1061 [111111111113031
Liutpirih 13191 hiutpuruc 115611
11111011111111711161411 1111111111 111311 3061 34911 1111111113 118011
11111111111111111 37011. 1113111551131911 1111111111Π3171
1111111111 11111911 38811 41311 4571 47011 1111111111 111311. II 49711
1111111113611871324113391. 51811* 5431 5471 55911 5041150711
Π9911 10311 11511 13811 56011581116131 6141 1111111111 11131111. Π44411
17811 17911 33411 33811 111110111111443116131 111111111651
33811 33111 3431 34511 111111111131411 111111111138411
41311 4311 46911 50411 1111111111111111881164911 11111111111130511
6351. III 6311 1111111111 138111 801 1061 1111111111Π3931 3991151711
1111111111131413171 11911 17011 17711 3961 6141. Π11711
1111111111 1130111 30911 33511 35311 38511 11111111111Π17811
1111111111 dux 111111 39711. ι114311 4711 1301 [1111115134511. Π37115331
11111111 133511 16911 33611 33611 40511 1111111111. 1311513111
111110111143011 41311 48411 48411 48811 Ι111111111Π3931
1111111111 14113461 50011 53511 1111111111 Π 15011
11111111 13611 811 3311 6515 1111111111 ab. 11133111
871 1301 1301 19613191 1111111111 111. 131011
33511 38411 39711 3011 1111111111 p. 1133311
30313091133511351135111 [1111111111 11 3311 0411 3531
36513951. 11371138113911 35611 381114181415143411
35114411 641 1051111111 46311 47511 49411 51411
133114011164111711117811 54411 55911 57311 57810
19411 35611 36011 37111 5791158711
37413811301113341133811 1111111111 subd. 1 11711
33111 33911 31811 34811 1111111111 16811 13611 15411
3551 37711 38311* 38911 16511 17111 30711 36511
40311 40311 40511* 40611
4091 41311 43911 43911
44311 4671 47711 49411
49811 53511 5391 56411
57311 63411 66411 37511.
1111411 5411
11111111 p. 111311
1111101111 1113711
1111111111 1361
1111111111 advoc. lp. 13911
1111111111 11. 1161311

111111οά II 1981

11111111 11. Ι33811

1111111111 1331* 9311 9411*
(11511) 13711 13311 13511
13511 1391 14311 14411
14911 15011 1631 17011
39911 31011 3141 31511
31511 3351 3351. Π 41
6711 33811 33311 33911 ,
3551 35811 37911 38311*
43611 43411 453111 457111
4631 4651 477149911511111

34311 35911 33111 36311 50811 5091 53711 53311

395139511. 113311 6411 547115611156311

6811 891 9011 9711 10311 1111111111 115011

30811 31711 337133713401

11311 11411 19411 19911 1111111111 p. ΠΙ 91⁸

30711 3091 3341330136411 1111111111 11. ΠΙ 3111

36411 3031 33511 34411 1111111 11381 3931. II 15711
36911 38311* 43011 47011 111111011Π19111

4931 496149811 5051 5381 1111111111. 13111

511011 56311 565159816331 1111111111 Π 3511

63311 1111111111 1119124

 

