488 INDEX NOMINUM.

1111111111. 19991 1111111111 Ι 1011. 113011 111111111113961 1111111111.
1111111111-1111 ,1111111111119811144111114411 11111111111191111»1 1111111111
1111111111). 1 {vl-,¹7 91811 ’1 11111111 1149111 1111111111
1111111111 1 1411 1111111111 1138811 ¹ 11111111 1111911 1541413
111111111111119391 1111111011. 15111 )Ρθι’1(11111119ῖ111. Π861891 Perehtihltl
111-1111111111 1 13111 1111111111 1 13811 1 1111910111. 113991 Perehtildg 1
Perahuuin 111111 1111111ιυί11ιί 1139111 ,1111111101 1140811 1111111111 Il
Pemhuuin m. 191811 11111111 119411 1111111111 11111 1111111111 1
1111111111 1143111 1111111111ιί 193911 11111111 1143011 11111111ηά 1
111111111111138811)4111149011’ (111111011115591) ἔ1111111111114031 11111111111111 1
1111111111311119811. 1141111* ’ 1111111111111 1131911· ¹ {l‘ervgrinni 1111111) ,1111111111 l l
Perangart 1 1411 1111111111 11381.Ι · Peregrina 1111114111 ΙΡ111111ο11 11
1111111111 1131311 4061114161 3 1111111111 1145911 11111111111111191111111911111 1111111111 11
1111111111 11911415115311 11111111 (1111111) 1 11911 111131111113491 1111111111
1111111111 p. 111 ¹ 9591134811. 1191131 611714 111111111111191 1111111101.

11111111111111 11 1881 611111 11111111 111911.Ι 135011) Perehtologu

' 1111111111 1150411 t 1111111111 11 54311 ² 111111111111111111111)1 111111 Ι 1111111111 11

11111110111151411 1111111119841 ’ 3011131911. 119151 91511 19011 19
111111111111111 1111111 111111· . 1111111111 Ι 11111 11
ΡΘΓΕΠ1Ι111111141311 911161111911311199 1111111111111111111)1262111 21141 2118
1111111111111191111 11111111111134911 1 11 10911 1541191191 31191 1 3.·’191 m
11111111 1111 11111111 11111. 1111111 [1111111111 11111111 1 11111111
1111111111 19911 1111111111 11 19111 9411 11101 1111111111 11911114411111111 ; 1111111111]
Perat 113011 Ι 1189111 ἑ11111111111111311ῖ1. 1111111 ξ 111111111111
11111111111111111. 1140811 ,1)11111111191130911.11111411 11111111111153113111 Ι 9119196611
111111111111111111111112511111111111111199611 1111111111154011 ’ 4871149911
1981. 114141 531111 )Ρ1111111119391 ;111111111Π3“1911 55811861
111111111149199111. 1131111 , 111111111111811 11111111111134411. 1161111ι 60911. 111
45811 ,1111111111 11 111411 1 1031111413991141511 1111111111
11111111 d. 11203? 1111111111 1 11911 11111111 1198911 1111111111111 2
1111111111. 1111111 Pereliup 133411 39411 1111111111 11989111 9411 1111111111 (⁸
1111111119611491.1139111 1111111531114118611 1111111111119011 111111 39
1111111111 1138111 46411 1111111111 1 9911 1111111111 11113139911501111 119111 941
111111114111991. 1113111111 11111111 1130011 1111111111 11511911 a 49514 5481
1111111111111. 11114111 1111111 11111 Ι11111111 1 1111 111111. 1111111111 1.
40311 1111111116911 11111119911191611154411 1111111111 re
Peratger 19111 391* m. 11111111199111818919251. 1111111111111.134111 1111111111
111151491311111111 1116111 11111111 115411 1611 31131. 11111111111
Peratgund 1 13111 111111. 1111111111 115811 111911 19111 9941911111 11111111111
119111 (1111111191981111 ἰ 9311131111114511 1111111111 1
111111111113561 491111 53814 (11111111194919591) ξ111111111 11114111 Ρ11111111111
1111111111ηά 1111341111 1111 11 99011 J 1111111111 1 15111 114131
1111111111 130111 1111111111 1130911 111111111 m. 199811 1111111011 I
11111181111146911 11111111 1111111111) 119111 Ρρ111111111111111911. 11541111 perehtuuan
111111811115491 1131111151. 11930.) 11111111111119111 Perehtuuin
Perathgund 119511 1111111111 1301111 11))111111111 11151 1111111111 1
1111111111 114171149311 1111111 1311811, 1191511 1111111111 11911 1951131101. 1111111111 11
1111111111 1113111 1111111111 1199811 11 ’1311 14111 11111111 11·
11111111111111 115931 1111111111 11311011 1111111111 fem. 119411 Pereleg 111¹
1111111111 11 119111 1111111111196111 111111111111149711 Perelind I
1111111111 11110111 1111111111 19631 11111111111 13591 33911 3551
Perathsind 1111111 3011 1111111111 19361 y 1111111111 11114611 1111111111 11’
1111111111111111911111 1111111111. 19661 Ι1111111111111911117914911 1111111111
(111111111151511) 111111111113161138911 ¹ 49911 611111 Perenger 11
1111111111 119811 1111111111111411 1111111811119191133011 1411 161
11111111111191811 11111011111411 ζ111111111111 1111011 4411. 1Π
111110111119311 1111111111130311 ἓ11111111111 13911 1951191111 Perengoz II
1111111111. 199911 1111111130611 ¹ 11911. Π92119411119ἵ1111 1111111111
1111111111 198111. 114411 11111111111 113111 1311 ⁵ 41411 119311 2
4191141191 1111111111 1911511 ,1111111111 l. 1114911 18811 19

 

