77777771 7771777777. 777

1771771717 1Π497 17371113591785311. Π9967 175777771777.198077 Π 65917 65977. 111 1977
Industrinma. 199917 9757 Iohanne Π9787 11917
1737 113797 6347 63477 toto 1737777 Π59977 Iohannes 11977 1817 18171 Iohannes p. 11 9677 3877

17371571877Π9997 1737777777 Π3577 18177 18677 18677 18677 4567 6517 6517 65177 65177
lugalbertus Π9897 99077 Ingrammuoab.116612 18717 18777 18777 18777 65177 65177. 1Π3877 6117
17371577677 Π98877 Ingrim 117777 18777187771887188718877 897719677
Ingolrnmnus 1199117 17375777111184713517 18877 18877 18877 18877 Iohannes subd. Π69877
Ingeret 1867 17371177 Π 9797 18877189718971891718977 S. Iohannes baptIIIp. 89577
1737577111917 1737171189517 18977 18977 18977 18977 p. 89677
17371771771184717 17117177 Π34477 18971189771897719071997 8171777777777731Π739577
1737111977. Π1457 8787 1717711111517 “ 19971 1997719077 19077 p. 89617. 71
17371771777777 Π757 1777777877118977 19977 19077 19177 19177 8. Iohannes al. 3967
Ingenua Π18177 17771189977 55977 19977 19977 19877 19877 Iohanni 1457. Π5647
Ingenuus 11119517 Innocentio 111197 977 1437 19477 19577 19577 19717 Iohanni p. Π3017
Inger Π67617 1777777717711110771351 19717 9907 90079107799077 175777171187719977.115977
Ingeret 1169977 Innocentius Π 617 9967 9881 887773897. Π917 837 11977 1997 9957797417
17315771 Π88917* Innocentius l. 1Π1817 9977 897 4171 5777 587587 99917 30117 3097 30974897
Ingibertn Π99917 Innocentius p. 1677 587 5877 5877 5877 5975977 17577717 epe. Π947
1731577177119577 11777371 1185777 5977 5977 5977 6377 6377 17577717 p. 14977. Π89117
1731577177 m. 193677 1771711997 6817 697 6977 7177 7977 8977 8977
1731577171 115987 1777775771 Π 9977 7977 7777 897 807 80778977 1757777 II 98977
1731577517111877 17777117198117 8077 8177 8177 897 89778977 17157177 Π45517
1731577113977* 177717777777119917 837 8877 8877 847 867 8617 1717771159977
17315771 d. 111 57 Insula 1110757877 8877 8877(517)99719319817 177 Π57777
17315111 Π1857 177717 barbara II 3671 9377 947 957 957 9517 1777 Π 1897 58977
173115717177711417 177717777777 Π 197. 1Π17 9577109771097711571557 Ionam Π 11477 ’15577 99117
1731157777115771577Π31777 17177117 1194677 (517) 1661 1667 1797 90477 98677 97377 98877 99577
31777 87377 Into II 9977 10417 10477 4047 9997 99977 91077 91177 17777 (17777) 1377 9457.
1731157717771. 198717 5947. 1Π1197 94077 94477 31777 3997 Π36977
17311577119837 171717.1Π1117 39977 89977 39977 33677 17777677171347117
1731171776 Π99871 1717117119677 88477 41477 49977 43377 17771577119877
17311711677 1771571119977 4471 44777 4487 4487 44877 17771577 p. 1467
173117 m. 193877 (1777177 1119977) 44877 4557 4647 47177 47677 107815177719611
1731177877 Π86417 86877 1777777 Π11487 59777 50977 54477 57677 1777117777. Π54977
1731177751 1Π1877 17777777 1Π1947 6197 69577 64877 6697 66977 1777771Π84371
17311777777711677 1771777771. Π1887 66977 66617 66677 6737 1777177171347177
1731171777 Π 1567 Inzo Π88817 6737. ΠΙ 197 1077 5117 Iordanis Π9897. Π1807
173111117877. Π49917 17775177 Π9977 657807 8177 9577 1907 1967 1777177777Π119371567715917
17311177717Π8757 17757777 ΠΙ 1957 19177 19477 19577 1967 1777177717Π1887
1731177777 Π87477 Ioanne Π115617 13111 13917 14177 14817 1773171Π15477
1731171777 Π 3637 Ioannes H (6377) (697) 34717. 1587 177317 Π 97977
1731777185317 ΠΙ 1317 17577777 75. Π 1107 57871. 17737 Π49577
17317716771187 175114317. Π5977 4197 111991p.396n. 1777713177. ΠΙ 1417
173177167777. 198977 17575. Π9997 Iohannes archieps. Π6747 177775116778471117. Π5611
173177 H 97577 17517177 Π 8177 17577777 o. II 49177 9477 16977 1687 91977 9577
1173177717 Π697 175177118177. Π 7917 8977 Iohannes conv. Π9677 89917 84777 39817 4437
17317771771180477 175177 m. 19767 17577777 ,d. 16777 797 9887. 46077 53817 55977
17317771Π1777 1757117 I p. 134dn Π6597165977 , Ioseph ope. 7175. Π391
173177719977. Π87677 17777677 Π16071 17577777777.77175. 13777 Ioseph m. 1717 1867799117
1731777771. 199177 70770771 Π91177 17577777 ops. 11437 4117 9887 9567 96917
17317 Π1117718477 17577 111977 19577 19677 Iohannes m. 16717 6117 791 177777Π97877
173177 p. Π6597 88971. Π8877 94777 97477 93477 96877 96877 9697 17777 m. 111 1137
1731777777118477 31677 89777 48477 44477 96911 96917 96977 9707 171718977 2
1773711957. Π867456115887 5197768477684776757 67617 97977 97177 97177 97177 177777171177 p. Π11077
173771717Π9367 (17577 m. 191377) 97977 97977 9737 97877 177771177171347177
1737577171197377 1757777 Π35477 97877 97877 97477 97417 1771777717.184(177.Π19371
173757717Π98971 1757777Π1199771807714677 9757 97577 97677 9777 97777 14877
1737577177 Π99177 1757777777 Π6877 86779517 91777 97777 91777 97777 1777718677
1737577717 Π9717 17577777171188771877718877 9787 9787 91817 77877 9797 1771784787 <
Ingolf 113897 97777. 118977 979· ⁰²¹2 m» Ipohtne Π697 697

59*

 

