00013 11383176331783317931
30633 36033. 0363116833
2921 40730 41444 5214 63110

0113011963

00011101 130230

0001011001 110840. 113

00010331 113730. 111653

0001113 131133

11001113 136530

0001011 115733

000103011013403. 1136531

1100100100 11813

00010οί03 12321

0050117313

00030110 1111023

00313 153 p. 1443

0010301403 Π6703

00300300 1133301

000130110οε 11 54934

00013011000 p. 14630

0001301100 1154010

00010100 118833

00010100 0. Ι 27110

0013 17013 7031

00111033 116831

001113 116803

0010 0. III 11210

0010033 113403

001101 19433

0000333100 313131

0030 11811 813

00330 Π 5024 5023

00 :ale 1 15314

1131300. ΙΗ 15413

0300 0. ΠΙ 5833

Cyriacus m. Π 65210

S. Cyriacus mart. 111 p. 39613

11331000 1131711

11331101 11251

Kysa 110313

11103131000313) 15730 3663

1130310301 114730

1303103011 1138930*

1100311116 1138933

1130110301 12650. Η 5040

0301101011 19733

1130100031ηο 1128830

11300 Π 21830

0301100001 1150013

D 1126813

1131133101 1152110

1130003100 1115313

11301100 p. 14613

11001010 11 4520

113310 1126230 29331 33931
35334

INDEX NOMINUM

1136330000 1183

1136130000 m. 1 24013

1133303301 Π 17911

1133303011 11 46444

1111300301 Ι 10133. 11 6633.
1Π1143

1133300011 Π 46730

113333010ηο0 Π 2034

0330010100 Π 3393

0330103100 II 5810 591

0331003100 Π 584 5833 4473
50933

0331033001 Π 6430

1133113301 Π 8214

113131ρο31001186331891318933
18941. Π940

113ζὶ003100 m. 1 27430 27633

1133031000 118133 1914

Bagoam 11 56430

1133003011 Η 2633 2063

11030οτ01 112750 30731 (6633)

1133011301 (1. ΠΙ 63

1103003011 Π 350 16333

1133003011 p. 111 133

1138011110 Π 2531

1133003300 1133011

113330310οε Π 8231

1138101000 01. 126133

Dagulfo Π 2963

Dagulfus Π 5334

11313001011 Π 19834

1131333001 1117033

1111131000 (1. 11 55113

1131310οε p. 14643

1113111331 11163

16310301 1 11530

1113103011 11150

11303330 Π 38340

1130010331 ΠΙ 10013

1130130 II 5770

11301300 Π 29530

11301300011863. III 11230

8. [13013000 III p. 39513. 30

1130013331 Π 2031 4713 21834
4080

1130010100 Π 2963

11300101311 II 50340

1130010331 Π 21011

1130011111 lI 36533

11300110 Π 4813 1253 1770
3930 49133 49433 5223 53833

11300101113334 534. Π 2931
16210 22141 3463 39030
39040 4033 42931 44533
4493 47510 49430 5050
55610

1130011011 p. 1 11133

113001011001363

[13001000 II 4953

1111001331 11 3031 17333 3853 11001031 1161513
50333 52041 5893 Dedo 1154210
11331010οἰ31 Η11233 11060011 Π 6193
1130011001 11 19514 ’ (1100301164113)
113000331110013 24710 1103013 1115231
11300011 Π 13631 21133 38933 1103301331 1140633
4784 53310 1103301111 1541 14234 29414
11300331Π15831 201147130 Deganpold 11234 11331
1133103310. 11 38511 1108001311 113230
(113001 Π 14413) 1103003011 Π 27733
113001 Ip. 13400 1103003111 Π36413 36433
11301012633 1101Π63933
11301331 138434 1101310113 abb. 11 3743
Daniel 1113340 14430 34734 1101110000 113173
42730 44631 1101110010 1161233
1130101 p. 1Π234 11011001 Π 66710
Danihel 1 443 18633. Π2113 11010103 1118334
313 323 9130 11011 14143 [101010011118633
19633 20333 2690 27034 1101100011116733
28833 31833 57334 59010 110110311 119734
66534 110111111 1165433
Danihel 0. 122633 11011113 I 9504
11301101 p. Π1513. 1Π 13531 110111101. Π6543
113010 1151833 1101100111 116084
11300111 14633
1100010100 1155034
1130001Π233
11333 Π 3731
113110ςο3 II 55631
1133100 Π31330
113331 11 6723
· 1130001οε p. Π54930
11300110 Π3433 3441
1131003100 Π3544
113100031υο Π 28910 Dendigin 11963
11310 eps. 11 20110 0003301331 1148633
1130161143 7533880941 14610. 1100330331 1148733
112033 673 6713 1090011510 1100001331 Π 48630

1101113300 11 4273

110130 l. 11 65413

10010301 11160

Ι (1010101 p. 1 1163

1 1101001301110 11 22133 23633
1101101003 II 62833 62833
1100οη010 II 34414
1100013100 1 19230
1100141100 118140
1100013110 111210

14400 15933 17430 18333 11011033 1111030

1843 24630 25213 25613 11011006 1116734

2743 27530 2793 3243332931 1100310101 1152933

34713 35313 35810 37333 1100013100 14933 1860019033
37814 39313 4084 43234 19514 27433 11310 8633
44133 4534 47233 4823 49433 9134 18611 18833 29540
50333 50611 53613 56530. 1100631υο m. 127530

111 5613
1130101000. 11 24530
1130101. 128511 2934

0000003000 119931
1100600300 Π 26130
11006033 19713
1100010331 II 4013 “
1100000000 12211. 116414
110041011Π17833 43930
1100103300 II 23510
1100331100 Π 23630
0003003100 Π 35310
1100300000 II 20914
11000101 13433
1100010113 ΠΙ 1384
110013 11 45733 5050
1100133311 Π 45733
1100103141 Π 9817

Dauid 0. 121613 2350
Dauid p. 11 3203
11330100 1 18133
11031303 II 49830
1103113310 1147331
1100011331 11 2770
1101403 Π 45434
1104130110 35. 11 2083
11061331 11 61534
Dede 11 22914
11000010 1136831
11001011 11 21713

 

