524

13411 13611141111431 1471
14711 1681 16811 16911.
113611 691 23111 39111
43211 45111 4601 4621Ι
49411 49611 4911 5111151011 )
[1111111111 19211. 11 14111 ,
[1111111111 12211. 1152211 ’
[1111111111 1142811
[1111111111 11311 1311 lim
16111111. 112081120911
25911 2141 28311 2901
3411134711
[1111111111 ab. 1131311
[1111111111 11. 1138111
11111111 1141111 5151 56311
[1111111111 Π5061
[1111151111 1115061
[11111111111 p. 1111111
[1111111111 ΙΙ 13611
[11111111 1131511
[11111111 p. 11311111
Uualtkerius 111111
[1111111111 1113811
[11111111111 ΙΙ 24411
Waltkhisus m. 111 1211

[1111111111 Π 1911

, [1111111111 Π 28811

1111111111 1127911

[111111111111 111111

[1111111111 m. 14911

[1111111111 p. 11 511111

1111111111 133411

[11111111 13611

Walter (11111111, 11111111)
Ι 7311 13117311. II 36811
61311. ΠΙ 9111

[1111111111 1136311

1111111111] 1111111631

[111111111111 1118911

1111111111 (1111111111) 1611
3111311112911 14511 15011
13011 1121 11511 120711)
20711 22211 2981 3121
33411. lI 361 5111 6611
11411 25111 27511 21111
2811 28111 31211 32211
32411 3341 38311* 40411
41411 5231111571. 1112310
281 4411

1111111111 111. 1120211

1111111111 (0111111111) Ι
31411. 1131111 35911

> 11111111181111111,1111111111)
1681116911 1311 1411 1411
911352113921. [1681119611
34511. 111281 3911111111
(1361)

[11111111 1. 129011

[11111111 1111111111) 1211
38111. [1431141911

INDEX NOMINUM.

811111111111158111 1 54110211243113181138611. 5351 15181. 1111811 6111
[1111111111Π4211 “ 11 (2811) 3011 4811 6811 091
[1111111111 p. Π 16811 1111111211111111301115111 1111111 ab. Ip. 1401 p. 14111
1111115651 (1111111655) 11 11911184121212131121411) p. 14211. 112411 20111
5631161111.» 2331 31411 31511 356111111111 l. [2901129111. [Π
11111111111113693138915 38110 391111 334111 4031 1111111
[111111113111111511161126111 4061 40111 40911 41111 [uasto 111121111120511
61611, 1111061 41311 41411 41811 4251 811111 p. 1601
61111111113911. 115881 43011 44511 44911 4571 111111 1111.11111.1149911
Uualtfred m, 112013 46211 41311 4181 4901 1111111111 (1111111111) 111211
Unaltfredug 1120917 49111 49411 50011 51411 1191 38311. 1141511 1031
Uualtffid (vualtffl Uvalt. 51811 52211 52211 52311 1151111911381 14811 1941
frid) 12911 3111 3411* 523154213471512115811 2561215111 115611

4229 33311 34311 3661, [1111111111 11111111 4811 1111111111. (6111111111 121911
1111119111 11111, 1252„ vualtheri m. (Uualtheri) 44411

1521 211611 31211 31651 1 21611 23411. ΙΙ 2011. [111111111134511

3841 41111 41411 4191 1113111 [1111111111Π1354

42911 44911 45611 5093 81111111111411. 111511 [1111111311 118411 18811
5311 [11111111111111311111 Π33811
[1111111111 p. 111 211 [111111111111 1116311 Vualtpertus 11. 12611 27211
[1111164311 14451 11111111111143116721167211 [1111111111111 III 1511
1111111111 Ι 14111, 113751 waltherus p. 111681 6811 [11111111111138111

4511 4[1111111111 (8111111111) 1 111111111114111
[111113119111123511 39311. 1139611 [1111111111111111111111132811
1111111111 Ρ. ΠΙ 31 9111111111 def. 111 421 3301 3661 3961. Π 11611.
[1111131111 1116811 Vualthram 111. 123511 ΠΙ 1051 105111
vualthalm 1131321 Vualthric m. 11611 8111111111 115151
[111111111111131141511 8111111111 1 11131111 [111111111111911. 1149811
[1111111611 112631135411 [11111111 (1111111111) 110111 11151115919011
[11111111111112351 2311 161113061131411. 1122011 [11111111 (11111111) I 211
2381123911 2431140111 1311 14311 2481 30111
[1111111111 Π1111114511 [11111111Π1341154511 34411. Π211138111 42411
[11111111111111. 1351 11 [11111111 1111111 42611 42911 4611 41411
Walther 11111 64211 [11111111 1140811 4811 50011 50011 5011 5381
Walther mon. Π 61611 1111111113 Ι34011 [1111111111 1111611
[1111111111 1141111· [11111111 113941 1111111111(1’111111111)Ι32811
Uualthere (1151161519, wal. Wa1tint 1111111111) 1143911 Π 164143411 49811
there) 16114011* 11811 4681 65611111) 1111111111 (1111111111) 112311
1511 15711 1581 15811 [1111111111118011 1561150811

(16311) 16411 (16511) 16811 [1111111111 11371 1111111111. 12121

1811 (11161811 20511 22211 [11111111111111111111116112111 1111111111Π1911 55611
2241 25511 26311 29511 61511 [1111111111 (1111111111) 110911
30311 30511 3151 33511 [1111111111 ΙΙ 21511 Π237112461146411
331111 33111 33911 3621 [111111111111341114611 6061 [1111111111311

30611 3121 312113121137211 [111111111111 Π 26411 [11111111111113221322113291
3961. ΙΙ3136113813511 [111111111111111111613911 32511

6511 (6711) 831 92111311Ι 61162190119211163111641 [11111111ο 11135111
16911 1161 20411 24311) 116112531126211263128411 11111111 1111511
2441244112681276112051 29611 30211 33611 37111 1111111111 Π5311

30711 31511 3191 32611 38311 38111 3941 39511 [1111111111111118811
33011 3461 3461 36011 39511 3911. 112111 2811 [1111111Π1261

31511 3821 39211 41011 4811 10211 10211 10311 [11111111ΠΙ281

41111 4131 42021 46011 10511 1131 11511 11811 [11111111111Π4581
481158816041161016101 15311 1651 19311 20211 [1111111311651

63311 6481 6661 61311. 2101 22111 33011 33511 [1111111111 Ι 1211 11311.
ΙΠ141114119411361 34911 3551 111111 35811 1141211
[1111111111 1. 129511 3611 4031 40611 40811 [1111111111116611
[1111111111 11. ΠΙ2911 1 41911 4491 4511 46011 [1111111111 1121311 21411
111111111111111.111111 Ι 41111 49811 5011 60211 [11111111111111811
[1111111111 (1111111111) 12111 50411 5051 51111 61011 1111111131111. 1241111

 

